1 13.1
2 9.8
3 17
4 16.7
5 14.5
6 11.9
7 12.1
8 10.5
9 15.7
10 16.9
11 10.1
12 16.4
13 18.3
14 13.8
15 16.8
16 15.6
17 11.3
18 11
19 16.9
20 15.3
21 14.2
22 16.6
23 13.9
24 12.9
25 12.8
26 12.6
27 16.5
28 16.5
29 15.3
30 13.3
31 10.5
32 12.9
33 11.5
34 15.8
35 13.3
36 11.4
37 15.2
38 18.2
39 13.9
40 16.5
41 18.3
42 10.8
43 14.1
44 11.8
45 11.2
46 16.7
47 17.9
48 10.5
49 13.6
50 15.6
51 14.3
52 17.1
53 17.8
54 15.4
55 16.4
56 17.8
57 15.2
58 17.3
59 12
60 10.9
61 16.6
62 10.1
63 17.1
64 10.8
65 10.7
66 12.7
67 12.1
68 10.1
69 15.7
70 18.1
71 18.6
72 15.8
73 15.9
74 13.1
75 12.9
76 15.5
77 17.3
78 18.4
79 15.5
80 18.2
81 16.2
82 12.2
83 10.4
84 16.1
85 13.9
86 11.4
87 11.2
88 11.7
89 16.7
90 18
91 12.2
92 11.6
93 10.4
94 14
95 14
96 12.4
97 9.8
98 12.1
99 14.9
100 17.4
101 10.6
102 9.8
103 14.1
104 18
105 16.5
106 17.5
107 17.1
108 14.4
109 13.2
110 17.1
111 15.6
112 11.7
113 18.4
114 12.7
115 15.6
116 17
117 15.4
118 11.8
119 13.4
120 13
121 16.3
122 17.6
123 18.6
124 14.4
125 18.3
126 13.8
127 16.4
128 18.2
129 17
130 16.5
131 13.9
132 11
133 12.8
134 18.4
135 15.4
136 14
137 10.3
138 17.3
139 10
140 13.2
141 11.5
142 10.6
143 15
144 18.5
145 10.1
146 10.3
147 13.3
148 15.8
149 16.9
150 14.6
