1 12.1
2 11.4
3 18.7
4 12.1
5 10.9
6 13.2
7 11.3
8 14.8
9 17.6
10 15
11 16.1
12 18.5
13 18.6
14 14.4
15 13
16 17.7
17 17.2
18 13.6
19 14.1
20 10.7
21 14.7
22 11.6
23 14.5
24 11
25 12.4
26 16.4
27 17.5
28 15.3
29 15.7
30 14.9
31 17.9
32 11
33 13
34 17.1
35 13.2
36 12.5
37 11.9
38 12
39 18.7
40 18.1
41 13.8
42 16.9
43 10.8
44 14.4
45 17.8
46 9.9
47 10.1
48 11.3
49 18.1
50 11.2
51 11.1
52 14.1
53 12.7
54 11.5
55 15.1
56 17.3
57 14.3
58 11.8
59 10.3
60 18.1
61 18
62 11.3
63 18.1
64 14.5
65 17.1
66 15.2
67 14.1
68 14.3
69 11.2
70 18.2
71 15.2
72 10.5
73 17.6
74 16.6
75 14.5
76 12.9
77 11.7
78 14.7
79 18.3
80 10
81 15
82 14.1
83 12.8
84 14.4
85 13.1
86 15.5
87 14.7
88 10.7
89 11.9
90 13
91 15.1
92 14.6
93 14.6
94 18.1
95 16.6
96 16.5
97 10
98 13.1
99 18.3
100 17.8
101 17
102 16.2
103 11.5
104 15.1
105 14.5
106 12.1
107 15
108 14.2
109 17.6
110 12.9
111 11.9
112 18.7
113 11.6
114 11
115 16.3
116 11.9
117 15
118 17.1
119 14.8
120 14.1
121 18.1
122 18.2
123 10.5
124 14
125 13.7
126 10.7
127 14.7
128 12.6
129 13.5
130 17.8
131 13.4
132 14
133 10.4
134 17.5
135 18
136 18.5
137 17.3
138 10.5
139 18.3
140 18.6
141 16.5
142 16.4
143 10.4
144 14.9
145 11.6
146 18.3
147 18.3
148 16
149 17.7
150 9.7
