1 14.4
2 14.4
3 11.1
4 16.8
5 18.7
6 10.1
7 10.4
8 17.1
9 16.6
10 12.7
11 15.5
12 11.1
13 18.5
14 12.6
15 10.3
16 17.8
17 17.5
18 15.1
19 15.9
20 18.4
21 11.8
22 10.1
23 17.9
24 17.3
25 11.3
26 16.1
27 15.7
28 15.3
29 9.8
30 18.4
31 17.8
32 11.7
33 14.1
34 17.6
35 13.7
36 18.7
37 11.7
38 17.5
39 10.6
40 12.8
41 13.6
42 15.2
43 18.1
44 17.8
45 17.8
46 11
47 17.5
48 15.8
49 10.4
50 12.4
51 14.4
52 15.3
53 16
54 12.2
55 12.3
56 13.3
57 12.8
58 15.4
59 15.6
60 13.2
61 13.9
62 12.5
63 16.5
64 18.1
65 14.8
66 10.8
67 12
68 17.6
69 15.6
70 12.8
71 13.1
72 12.7
73 18.3
74 15.3
75 12.2
76 16.1
77 17.4
78 10.5
79 14.9
80 18.1
81 10.7
82 16.9
83 11.6
84 18.6
85 12.5
86 12.6
87 14.3
88 16.1
89 14.7
90 15.8
91 14.5
92 16.4
93 13.4
94 13.4
95 15.2
96 17.6
97 11.1
98 10.2
99 11.8
100 14
101 11.3
102 16.6
103 10.4
104 12.7
105 16.1
106 10.9
107 12.9
108 15.3
109 16.6
110 13.5
111 13.1
112 11.4
113 13
114 17.7
115 13.4
116 10.4
117 18.6
118 13.8
119 16.3
120 12.2
121 11.6
122 15.2
123 18.3
124 16.2
125 16.7
126 14.5
127 15.4
128 15
129 15.8
130 14
131 10.2
132 17.1
133 16.2
134 13.5
135 12.8
136 17.4
137 10.7
138 18.3
139 16.9
140 15.7
141 14.6
142 13.5
143 13.4
144 9.6
145 12
146 12.6
147 16.6
148 18.2
149 15.2
150 18.3
