1 11.9
2 18.1
3 13.4
4 12.2
5 18
6 16
7 18.1
8 14
9 12.5
10 16.9
11 10.2
12 10.5
13 16
14 11.6
15 12.9
16 16.6
17 11.6
18 12.7
19 12.1
20 14
21 18.4
22 15.7
23 17.2
24 13.9
25 12.6
26 17.5
27 15
28 12.6
29 14.6
30 9.8
31 17.6
32 13.7
33 14.8
34 11.1
35 11.3
36 15.1
37 10.2
38 18.6
39 18.1
40 17.7
41 17.4
42 18.2
43 13.1
44 17.2
45 13.1
46 13.7
47 17.3
48 17.1
49 15.3
50 13.3
51 10.8
52 15.7
53 10.8
54 9.6
55 12.4
56 15
57 12.8
58 15.8
59 14.6
60 12.2
61 11.6
62 13.6
63 13.6
64 13
65 18.6
66 12.7
67 12.9
68 18.5
69 12.3
70 12
71 11.7
72 15.7
73 14.4
74 18.1
75 13.7
76 14.9
77 12.5
78 11.2
79 10.4
80 17
81 13.8
82 13.7
83 12.8
84 10
85 18.4
86 15
87 12.1
88 13.9
89 12.6
90 17.2
91 16
92 17.6
93 11.5
94 10.6
95 13.9
96 10.7
97 11
98 14.1
99 17.2
100 15.8
101 16.6
102 10.1
103 11.7
104 15
105 18.6
106 16.7
107 11.2
108 15.1
109 15.6
110 18.1
111 14.2
112 14.4
113 13.1
114 14
115 17
116 17.8
117 15.2
118 18.4
119 11
120 17.7
121 18.2
122 13.1
123 18.5
124 13.3
125 15.9
126 14.8
127 13.1
128 14.1
129 16.4
130 15.7
131 14.4
132 9.6
133 15.5
134 17.7
135 12.6
136 13.8
137 17.8
138 14.4
139 13.8
140 11.3
141 14.7
142 11.7
143 14.3
144 16.4
145 10.1
146 14.6
147 13.7
148 14.3
149 11.9
150 15.5
