1 9.9
2 16
3 14
4 16.1
5 13.7
6 13.3
7 16.8
8 16.7
9 14.8
10 13
11 10.4
12 14.7
13 13.6
14 12.9
15 15.4
16 15.1
17 14.4
18 15.9
19 10.2
20 12.4
21 15.7
22 16.2
23 17.2
24 15.4
25 10.2
26 15.7
27 17.9
28 18.4
29 15.4
30 14.6
31 16.5
32 11.8
33 15.2
34 14.1
35 14.3
36 12.9
37 12.6
38 12.3
39 13.6
40 17.2
41 12.9
42 10.5
43 15.6
44 15.6
45 16.7
46 13.6
47 10
48 13.7
49 16.8
50 14.7
51 14.2
52 17.3
53 14.3
54 17.5
55 13
56 11
57 10.7
58 16.1
59 10.8
60 11.7
61 10.4
62 13.5
63 12.9
64 15.3
65 17.3
66 14.8
67 18.4
68 18.5
69 14.7
70 13.6
71 15.1
72 15.3
73 11.7
74 17.3
75 13
76 14.5
77 9.6
78 11
79 17
80 13.8
81 16.8
82 13.9
83 10.3
84 11.7
85 9.9
86 12.1
87 13
88 14.5
89 17.1
90 10.2
91 16
92 15.8
93 11.8
94 13.9
95 16.7
96 17.2
97 17.7
98 13.7
99 11.9
100 12.7
101 16.6
102 17.4
103 11.2
104 13.4
105 12.5
106 11.1
107 15.5
108 9.6
109 16.5
110 14.3
111 17.4
112 18
113 15.8
114 18.3
115 11.3
116 12.1
117 17.4
118 18.4
119 16.3
120 10.2
121 12.7
122 11.8
123 9.9
124 10.5
125 16.5
126 15.8
127 17.9
128 10.8
129 17.9
130 15.7
131 16.7
132 11.8
133 15.3
134 15
135 10.2
136 14.1
137 16.8
138 14.9
139 17.7
140 17
141 15.9
142 14.9
143 10.2
144 10.7
145 15.2
146 14.5
147 11.7
148 16.3
149 15.6
150 18.6
