1 12.6
2 15.4
3 17.2
4 12.6
5 12
6 10.7
7 17
8 12.9
9 14.9
10 11.9
11 13.2
12 17.7
13 12.6
14 11.6
15 10.3
16 12.4
17 18.2
18 9.9
19 18.1
20 11.4
21 11.6
22 15.2
23 11.3
24 15.3
25 14.2
26 11.8
27 10.6
28 15.8
29 11
30 11.1
31 9.8
32 11.2
33 11.7
34 14
35 15.6
36 16.2
37 13.8
38 12.6
39 16.2
40 18.6
41 13.9
42 11.3
43 16.7
44 11.3
45 11
46 15.3
47 11.7
48 17.2
49 13.9
50 10.5
51 16.1
52 17.1
53 12.8
54 11.1
55 15.9
56 15.4
57 17.7
58 17
59 11.7
60 17.8
61 17.2
62 10.8
63 10.4
64 10.4
65 11.8
66 11.7
67 10.3
68 15.1
69 14.1
70 12.3
71 15.1
72 9.7
73 13.7
74 10.4
75 14.5
76 14.9
77 17.9
78 14
79 11.8
80 18.7
81 12.6
82 13.7
83 18
84 13.6
85 16.6
86 10.7
87 11.7
88 16.9
89 10.3
90 11.7
91 10.1
92 11.7
93 13.2
94 16
95 15
96 17.8
97 16.8
98 15.3
99 16.3
100 18.5
101 12
102 12.4
103 15
104 18.3
105 18.2
106 16.1
107 12.7
108 10.7
109 14.2
110 10.4
111 12.2
112 12.7
113 18
114 17.4
115 11.5
116 10.3
117 13
118 16.6
119 18.3
120 15.5
121 13.9
122 12
123 11.8
124 16.2
125 16.4
126 11.1
127 16
128 11
129 12.1
130 14
131 12.4
132 17.7
133 15.8
134 15.5
135 17.3
136 12.6
137 12.8
138 17.5
139 17.2
140 17.1
141 17.3
142 16.1
143 14.2
144 13.1
145 15.5
146 10.5
147 11.7
148 16.6
149 10.2
150 13
