1 9.7
2 14.4
3 15.2
4 17.5
5 12.5
6 12.2
7 15.2
8 12.9
9 14.6
10 15.4
11 15.6
12 11
13 15.9
14 18.2
15 16.6
16 18.2
17 11
18 12.3
19 16.2
20 11.9
21 18.3
22 18.3
23 17.3
24 17.8
25 11.3
26 18
27 10.6
28 16.8
29 16.2
30 18.1
31 13.8
32 17.9
33 11.1
34 14.1
35 13
36 15
37 9.9
38 12.8
39 16.2
40 10.3
41 11.8
42 10.2
43 17.2
44 11.4
45 16.6
46 18.5
47 16.9
48 14
49 15.8
50 12.1
51 10.3
52 12.7
53 11.8
54 13.6
55 12.6
56 15.4
57 13.5
58 17.3
59 13.8
60 13.7
61 15.3
62 15.7
63 18.7
64 9.9
65 14.6
66 10.1
67 15.2
68 11.1
69 14.1
70 13.7
71 18.6
72 15.1
73 16.4
74 12.2
75 17.8
76 17.3
77 12.6
78 17.5
79 14.3
80 11.5
81 17.7
82 14
83 18.6
84 9.9
85 18.4
86 17.3
87 12.2
88 11.5
89 13.6
90 15.8
91 12.2
92 18.4
93 11.3
94 15.6
95 10.1
96 17.6
97 10.1
98 14
99 13.9
100 10.6
101 10.5
102 12.9
103 10.1
104 18.4
105 18.6
106 14.8
107 9.6
108 15.2
109 16.4
110 13.1
111 14.8
112 11.1
113 15.7
114 11.5
115 15
116 17.4
117 14.6
118 18.4
119 13
120 15.3
121 10.8
122 16.3
123 16.1
124 17.6
125 17.1
126 15.6
127 12.1
128 13.7
129 15
130 10.3
131 10.7
132 18.2
133 11.9
134 17.6
135 14.9
136 11.4
137 17.5
138 11.5
139 12.4
140 10
141 13.7
142 12.6
143 15.3
144 13
145 18.1
146 16.3
147 10.2
148 12.7
149 13.1
150 14.8
