1 16.7
2 14.1
3 18.3
4 16.1
5 11.7
6 16.6
7 14.5
8 9.7
9 14
10 16.9
11 13.1
12 18.1
13 14.7
14 12.4
15 17.6
16 15.7
17 18
18 16.4
19 11.4
20 9.7
21 12
22 17.3
23 16.6
24 18.4
25 15.3
26 12.5
27 18.6
28 15.7
29 15.8
30 17.9
31 11.1
32 14.1
33 12.9
34 15.7
35 16.3
36 13.9
37 15.5
38 13.7
39 16
40 17.8
41 15.7
42 15.9
43 12.6
44 12.1
45 9.9
46 13.2
47 10.7
48 13.3
49 12.9
50 13.7
51 9.7
52 16.9
53 11.4
54 10.6
55 17
56 12.6
57 9.7
58 16.3
59 18.2
60 10.4
61 14.7
62 17.8
63 12.7
64 14.7
65 13.7
66 14.5
67 15.8
68 18.7
69 9.7
70 14.6
71 17.4
72 10.1
73 12.3
74 14.5
75 15.5
76 16.1
77 13.9
78 16.8
79 16
80 12.9
81 13.2
82 15.2
83 15.8
84 12
85 13.3
86 16.9
87 17
88 10.6
89 13.3
90 13.1
91 14.1
92 18.6
93 11.8
94 16
95 12.4
96 14
97 11.6
98 15.4
99 11.3
100 10.3
101 18.4
102 10.5
103 18
104 16.6
105 14.2
106 17.5
107 16.6
108 9.8
109 14.8
110 14.4
111 14.4
112 17.1
113 11.3
114 16.7
115 15.3
116 11
117 14.5
118 18.3
119 15.6
120 14.9
121 18.5
122 16.7
123 10
124 10.9
125 13.2
126 12.9
127 18.5
128 14.6
129 17.1
130 14.1
131 15.7
132 14
133 11.3
134 10.8
135 16.7
136 12.5
137 13.8
138 11.5
139 10.5
140 18.5
141 18.2
142 15.2
143 14.3
144 10.1
145 17.7
146 13.8
147 11.9
148 12.1
149 11.9
150 15.2
