1 10.5
2 15.5
3 16.2
4 11.8
5 14.9
6 12.7
7 13.6
8 18.6
9 18.5
10 15.2
11 14.5
12 11
13 13
14 18.3
15 11.2
16 14.9
17 12.8
18 13.7
19 15
20 17.2
21 12.1
22 17.5
23 10.4
24 13
25 17.2
26 17.6
27 11.3
28 18
29 18.2
30 15.1
31 10.7
32 10.5
33 16.6
34 12.7
35 14.2
36 12.6
37 10.2
38 15.3
39 12.6
40 9.8
41 16.7
42 14
43 10.8
44 17.4
45 17.2
46 17.7
47 13.6
48 14.4
49 11.8
50 15.4
51 14.4
52 14.9
53 13.5
54 12
55 12.3
56 14.7
57 17
58 12.9
59 14.6
60 13.5
61 15.1
62 10.3
63 13.1
64 11.1
65 17.9
66 17.8
67 18.2
68 15.7
69 10.2
70 15.4
71 12.7
72 18
73 11.5
74 16
75 17.5
76 13
77 10.4
78 15.7
79 13.6
80 14.5
81 11.1
82 18.2
83 12.6
84 18.3
85 18.1
86 17.6
87 10.4
88 12
89 14.1
90 18.4
91 16.5
92 15.5
93 13.1
94 13.4
95 12.7
96 13.6
97 15.6
98 17.3
99 13.9
100 9.9
101 11.7
102 13
103 13.1
104 18.6
105 13.5
106 17.2
107 11
108 14
109 17
110 12.5
111 10.3
112 17.9
113 12.2
114 17.9
115 13.4
116 16.4
117 13.5
118 16.4
119 12.9
120 16.6
121 9.9
122 11.9
123 11.7
124 12.9
125 18.3
126 15.4
127 17.6
128 11.6
129 11.4
130 16.1
131 13.8
132 11.4
133 11.7
134 17.7
135 13
136 14.1
137 14.9
138 13.2
139 13.2
140 18.5
141 15.5
142 17.5
143 11.8
144 17.8
145 16.6
146 10.2
147 11.2
148 16.3
149 14.9
150 17.9
