1 14.3
2 12.2
3 17.8
4 11.6
5 18
6 12.1
7 14
8 9.7
9 10.9
10 10.4
11 18.1
12 11.6
13 10.7
14 15.4
15 10.6
16 14.9
17 15.6
18 12.9
19 11.1
20 17.9
21 13.4
22 10.3
23 12.4
24 18.1
25 12.3
26 17.7
27 16
28 13.4
29 18.7
30 14.6
31 16.2
32 15.4
33 17.1
34 17.9
35 12.7
36 17.9
37 17
38 16.2
39 17.7
40 15.1
41 9.6
42 15.3
43 18.5
44 11.1
45 10.2
46 13.6
47 16.2
48 14.9
49 10.6
50 15.8
51 11.2
52 9.6
53 16.4
54 12.2
55 10
56 15.3
57 13.7
58 15.7
59 15.3
60 17.4
61 10.6
62 9.6
63 10
64 15.5
65 17.3
66 15.7
67 15.6
68 11.5
69 10.9
70 10.3
71 17
72 17.4
73 10.6
74 15.7
75 16.5
76 11
77 10.7
78 11.1
79 17.3
80 12.4
81 15.1
82 10.8
83 9.9
84 17.2
85 10.6
86 15.6
87 14.3
88 13.1
89 15.8
90 13.9
91 16.3
92 18.5
93 13.3
94 10.8
95 14.8
96 12.3
97 11.7
98 14.8
99 16.6
100 13.2
101 10.2
102 17.5
103 15.8
104 14.7
105 10.8
106 11.8
107 11.2
108 13.9
109 13.7
110 12.7
111 17.6
112 14.7
113 16.8
114 16.4
115 15.3
116 15.8
117 15.6
118 16.4
119 10.7
120 18.6
121 15.5
122 12.6
123 18.2
124 10.2
125 10
126 14
127 16.1
128 12.7
129 15.3
130 15.7
131 14.9
132 16.3
133 16.5
134 15.3
135 17.6
136 14.1
137 16
138 13.1
139 10.9
140 13.2
141 11.4
142 14.1
143 11.7
144 10.6
145 12.6
146 14.8
147 17.5
148 17.2
149 14.5
150 10.2
