1 13.4
2 14.6
3 14.7
4 16.7
5 10
6 13.3
7 10.1
8 12.4
9 15.1
10 14.3
11 15
12 12.6
13 17.9
14 16.6
15 14.8
16 13.5
17 16.3
18 11.1
19 10.1
20 11.8
21 16.5
22 18.3
23 12.7
24 15.8
25 16.8
26 9.9
27 16.8
28 14
29 11.5
30 15.1
31 17.9
32 18.2
33 15.5
34 9.7
35 15.6
36 18.4
37 9.7
38 18.3
39 10.3
40 12.3
41 14.9
42 17
43 10
44 10.1
45 14.7
46 12.5
47 13.4
48 14.2
49 16.3
50 13.7
51 12.5
52 10.3
53 13.3
54 14.8
55 16.5
56 14.9
57 15.5
58 16.9
59 13.4
60 16.9
61 16.2
62 15.9
63 16.3
64 11.3
65 16.6
66 10.2
67 11.9
68 18.2
69 17.1
70 11.6
71 11.3
72 11.8
73 18
74 11.9
75 11.9
76 16.1
77 15.7
78 16.6
79 16.5
80 12.4
81 17.1
82 16.1
83 17.8
84 11.6
85 12.8
86 14.6
87 12.8
88 11.5
89 14.9
90 15.3
91 10.9
92 10.2
93 15.4
94 17.2
95 15.4
96 13.5
97 11.3
98 14.1
99 18.5
100 16.6
