1 10.2
2 11
3 10.5
4 10.1
5 14.6
6 18.3
7 11.7
8 12.8
9 17.7
10 14
11 11.7
12 17.3
13 10.2
14 10.8
15 18.4
16 17.2
17 17.1
18 18.7
19 11.8
20 15.6
21 15.3
22 18.4
23 13.4
24 10.1
25 17.6
26 11.1
27 11.9
28 15.1
29 12.9
30 14.4
31 18
32 14.6
33 18.3
34 16.6
35 13.3
36 16.5
37 14.8
38 13.6
39 10
40 10
41 12.9
42 13.4
43 12.9
44 15.3
45 11.2
46 13.6
47 11
48 18.4
49 12.1
50 10.1
51 16.9
52 16.1
53 11.9
54 16.8
55 17.5
56 18.6
57 12.1
58 13.8
59 17.9
60 18
61 14.2
62 17.6
63 14.8
64 13.4
65 17.1
66 16.2
67 17.7
68 11
69 16.6
70 15.7
71 17.9
72 17.2
73 16.7
74 16.7
75 13.9
76 16.3
77 14.7
78 11.1
79 12.4
80 13.9
81 17.7
82 17.5
83 13.1
84 18.4
85 14.2
86 18.6
87 13.7
88 16.7
89 12.4
90 10.3
91 17.6
92 14.9
93 17.4
94 17
95 16.6
96 18
97 10.1
98 17.1
99 11.7
100 12.1
