1 10
2 17.9
3 14.1
4 15.7
5 10.2
6 9.7
7 18.3
8 11.5
9 17.7
10 13.7
11 11.1
12 12.2
13 16.4
14 17.4
15 11.9
16 12.8
17 17.5
18 17.4
19 13.4
20 15
21 11.3
22 18.2
23 12
24 9.8
25 12.5
26 15.1
27 13
28 15.4
29 16.4
30 16.1
31 11.3
32 10.1
33 11.8
34 11.4
35 18.5
36 11.2
37 15.6
38 17.9
39 12.1
40 11.9
41 16.6
42 16.5
43 13.1
44 11
45 14.8
46 10.7
47 12.1
48 17.4
49 15.7
50 13.8
51 14.8
52 11.7
53 9.7
54 11.9
55 18.3
56 10.1
57 17.4
58 10.3
59 16.2
60 12
61 17.9
62 10.1
63 15
64 14.1
65 17.6
66 13.7
67 17.2
68 17.1
69 10.2
70 14.9
71 14.2
72 16.8
73 13.5
74 18.5
75 10.9
76 15.7
77 15.9
78 16.3
79 14.1
80 18.6
81 17.4
82 11.2
83 15.6
84 12.1
85 17.5
86 16.3
87 13.2
88 10.5
89 15.2
90 10.6
91 15.7
92 12.4
93 10.4
94 15.4
95 14.6
96 14.9
97 17.3
98 18.1
99 11.5
100 10.9
