1 16.1
2 17
3 12.5
4 17.3
5 16.7
6 13.1
7 14.9
8 13
9 14.3
10 13.9
11 14.9
12 16.6
13 12.6
14 12
15 17.5
16 12
17 11
18 11.1
19 11.8
20 11.2
21 14.4
22 18.4
23 13.2
24 12.3
25 15.7
26 11.7
27 15.9
28 12.6
29 10
30 18.2
31 12.1
32 15.7
33 18.7
34 13.1
35 12.9
36 13.8
37 16.1
38 11.9
39 17.5
40 16.7
41 13.8
42 10.7
43 11.4
44 11.8
45 18.7
46 9.7
47 12.6
48 16.1
49 12.2
50 12.5
51 11
52 12.5
53 13.9
54 18
55 10
56 16.5
57 10.3
58 15.3
59 15.9
60 16.7
61 13.3
62 16.5
63 11.2
64 18.1
65 12.5
66 10.2
67 12.3
68 15.5
69 11.1
70 17.6
71 11.1
72 13.6
73 18
74 13.8
75 18.6
76 13.5
77 16.6
78 16.1
79 11.5
80 11.1
81 15.6
82 18.6
83 16.6
84 14.8
85 13.1
86 12.1
87 16.6
88 11.8
89 16
90 15.1
91 11.3
92 18.3
93 17
94 15.6
95 10.2
96 13.8
97 10.5
98 15.6
99 16.7
100 13.8
