1 18.5
2 10.4
3 16.7
4 10
5 18.4
6 18.7
7 15.9
8 15.9
9 11.2
10 11.2
11 18.4
12 15.9
13 17.7
14 10.8
15 11
16 12.1
17 9.9
18 12.5
19 17.8
20 11.8
21 16
22 17.2
23 10.4
24 17
25 17
26 11.4
27 10.5
28 15.3
29 10.3
30 15.3
31 13.8
32 18.2
33 11.4
34 12.3
35 15.1
36 11.8
37 12.4
38 10.5
39 9.6
40 18.3
41 16.3
42 13.5
43 13.8
44 13.8
45 17.4
46 13.3
47 16
48 13
49 13.1
50 11.8
51 11.7
52 10.2
53 16.8
54 17.1
55 12.6
56 13.4
57 18.6
58 16
59 14.1
60 17.2
61 12.7
62 11
63 17.8
64 14.2
65 16.8
66 15.2
67 12.7
68 18.4
69 13
70 12.4
71 11.6
72 16.6
73 17.7
74 10.6
75 17.8
76 15.3
77 17.7
78 16.5
79 12.6
80 14.5
81 17.1
82 11
83 16.8
84 13.5
85 14.5
86 10.3
87 10.1
88 17.2
89 18.6
90 9.8
91 15.6
92 18.3
93 10.7
94 13.1
95 14.1
96 17.8
97 11.1
98 17.1
99 15.5
100 11.6
