1 10.1
2 12.1
3 18.3
4 12.6
5 15.5
6 12.9
7 13
8 12.6
9 11.6
10 11.5
11 13.5
12 15.2
13 11.8
14 15.8
15 15
16 15.1
17 10.3
18 10
19 11
20 11.8
21 13.2
22 14.9
23 12.2
24 17.2
25 17.8
26 14.4
27 13.1
28 9.6
29 11.9
30 11.1
31 15.5
32 18.5
33 12.4
34 11.8
35 17.6
36 10.8
37 14.8
38 15.1
39 15.2
40 15.9
41 17.3
42 10.5
43 13.2
44 17.1
45 12
46 15.8
47 13.2
48 17.2
49 13.5
50 17.2
51 11.6
52 16.3
53 17.8
54 11.6
55 18.5
56 18.4
57 17.5
58 14.4
59 15.5
60 13.8
61 11
62 15.5
63 15.2
64 17.4
65 12.9
66 10.1
67 14.2
68 10.1
69 13
70 13.7
71 12.3
72 18.4
73 9.7
74 15.5
75 15.2
76 14.5
77 9.9
78 16.1
79 12.5
80 18.5
81 12.2
82 12.9
83 12.5
84 12.8
85 11.7
86 15
87 16
88 12
89 14.8
90 14.8
91 18.6
92 18.1
93 11.9
94 17
95 16.6
96 13.3
97 15.3
98 14.1
99 14.1
100 10.8
