1 18.4
2 11.2
3 15
4 15.8
5 10.6
6 15.5
7 16.3
8 16.7
9 13.5
10 10.4
11 14.1
12 14.8
13 10.1
14 13.4
15 10.7
16 10.9
17 12.5
18 18.6
19 15.1
20 12.1
21 13.4
22 13.9
23 10.2
24 13.8
25 13.6
26 18.2
27 12.1
28 11.2
29 14.2
30 12.7
31 14.3
32 13.2
33 12
34 10.2
35 15.4
36 12.9
37 14.6
38 17.6
39 13.4
40 15
41 13.1
42 10.1
43 10.6
44 10.9
45 10.9
46 16.5
47 12
48 10.9
49 10
50 15.9
51 17.3
52 14.3
53 16.9
54 18.6
55 14.4
56 10.2
57 15.3
58 12.6
59 12.1
60 15.8
61 13.3
62 13.1
63 11.5
64 17.6
65 11
66 13.3
67 15.1
68 14.6
69 16.2
70 10.7
71 12.6
72 9.7
73 16.7
74 18
75 12.3
76 11.7
77 18.3
78 11.3
79 13.4
80 12.9
81 12.6
82 18.5
83 14.9
84 14.4
85 10.8
86 17.8
87 9.9
88 16.8
89 16.1
90 11.8
91 18.2
92 13.8
93 16.2
94 13.2
95 11.7
96 15.1
97 14.6
98 13.8
99 15.5
100 16.6
