1 10.1
2 17.8
3 18.6
4 12
5 14.5
6 12.7
7 11.5
8 11.4
9 10.8
10 15.1
11 14.9
12 17.4
13 10.4
14 11.4
15 15.4
16 13.8
17 12.2
18 17.2
19 12.4
20 18.5
21 13.2
22 16.8
23 16.9
24 15.1
25 12.8
26 14.9
27 15.6
28 14.9
29 10.1
30 17.2
31 10.1
32 11
33 12.5
34 13.6
35 13.5
36 17.4
37 10.1
38 17.8
39 11.8
40 10.1
41 16.7
42 9.9
43 10.8
44 15.7
45 12
46 17.3
47 11.5
48 11.7
49 14.2
50 15.2
51 15.1
52 10.5
53 18.2
54 13.1
55 12.8
56 10
57 17.7
58 14.1
59 13.3
60 18.1
61 11.9
62 14.6
63 10
64 17
65 13.9
66 14.6
67 13
68 10.9
69 16.3
70 11.6
71 11.5
72 12.5
73 13.5
74 16.3
75 10.7
76 13.6
77 17.1
78 14.8
79 16.6
80 12.3
81 10.2
82 15.3
83 14.2
84 15.9
85 12.8
86 15.4
87 11.1
88 17.9
89 13
90 17
91 11.1
92 14.1
93 9.9
94 16.4
95 17.3
96 12.3
97 13.4
98 14.3
99 9.6
100 15.7
