1 13.1
2 14
3 14.6
4 15.7
5 9.9
6 15.5
7 17.8
8 12.7
9 10.7
10 13.5
11 16.6
12 12.9
13 13.3
14 16.4
15 13.6
16 16.2
17 14.2
18 11.2
19 12.1
20 10.4
21 18.5
22 12.2
23 15.2
24 12.4
25 17.4
26 12.5
27 16.8
28 11.2
29 12.3
30 10.3
31 14.1
32 13.7
33 15
34 9.9
35 12.5
36 10.8
37 12.6
38 16.5
39 15.3
40 18.4
41 17.1
42 14.6
43 15.1
44 11.3
45 17.8
46 12.5
47 15.1
48 15
49 16.6
50 16.1
51 15.9
52 16.5
53 11.9
54 14.6
55 14.2
56 14.7
57 12.2
58 13.4
59 12.8
60 18.4
61 14.3
62 14.9
63 13.8
64 9.9
65 13
66 10.9
67 15.6
68 11
69 11.4
70 13
71 10.5
72 15.2
73 16
74 13.6
75 13.4
76 12.7
77 16
78 11.5
79 10
80 17.7
81 10
82 13.8
83 16.3
84 16.5
85 17.1
86 11.5
87 13.9
88 17.5
89 17.1
90 13.3
91 13.8
92 12.8
93 11.9
94 16.9
95 14.6
96 14.5
97 15.3
98 10.4
99 16.1
100 11.9
