1 9.7
2 11
3 13
4 11.3
5 18.5
6 17.5
7 14.9
8 16.2
9 10.9
10 11.9
11 9.9
12 17.1
13 16.7
14 16.8
15 12.6
16 13.7
17 14.7
18 16.9
19 14.7
20 11.5
21 11.5
22 12.9
23 14.8
24 12.7
25 14.4
26 13.5
27 14.8
28 10.1
29 14.6
30 11.5
31 18.4
32 18.1
33 18.6
34 17.2
35 13.3
36 16.9
37 18.6
38 12
39 11.2
40 15.9
41 9.8
42 12.7
43 15.9
44 10.6
45 10.6
46 12.2
47 13.2
48 14.7
49 12.4
50 12.3
51 17
52 12.4
53 13
54 13.2
55 17.3
56 13.3
57 16.2
58 15.6
59 13.3
60 18.2
61 15.5
62 14.3
63 11.6
64 14.9
65 16.4
66 13.8
67 17.8
68 12.2
69 15.7
70 17.7
71 12.2
72 12.9
73 9.7
74 12.3
75 18.6
76 16.5
77 14.9
78 15.1
79 12
80 14.2
81 16.8
82 17.4
83 10.4
84 14.5
85 13.4
86 10.3
87 13.7
88 16
89 14.1
90 13.3
91 18.2
92 18.6
93 15
94 14.4
95 15.2
96 10.4
97 11.3
98 12.2
99 9.8
100 11
