1 16.9
2 12.9
3 11.2
4 18
5 10.3
6 15.6
7 11.4
8 12.9
9 14.1
10 13.4
11 10.1
12 15.3
13 13.5
14 15.6
15 14.2
16 9.7
17 12.8
18 18.4
19 15.3
20 17.2
21 14.6
22 14.6
23 14.7
24 11.7
25 18.6
26 15
27 14.7
28 10
29 13.6
30 17.5
31 11.4
32 10
33 17.6
34 13.7
35 18.3
36 13.3
37 10.8
38 18.2
39 18.2
40 12.9
41 16.8
42 15.8
43 17.9
44 11.4
45 12.2
46 13
47 14.5
48 13.8
49 12.7
50 18
51 18.1
52 12.9
53 15.1
54 14.1
55 13.4
56 14.5
57 14
58 17.5
59 14.2
60 18.4
61 13
62 18.2
63 11.6
64 11.1
65 18.6
66 15.9
67 14.6
68 16
69 18.6
70 10.6
71 12.2
72 17.1
73 18.1
74 15.2
75 18.4
76 13.6
77 13
78 15.3
79 11.2
80 12.8
81 12
82 12.8
83 10.2
84 15.7
85 14.9
86 17.9
87 10.7
88 14.3
89 11.7
90 15.4
91 11.1
92 9.7
93 11.4
94 15.6
95 15.1
96 13.6
97 17.9
98 16.3
99 18.6
100 16.3
101 17.9
102 12.5
103 16.4
104 11.1
105 16.1
106 17.8
107 11.7
108 12
109 18.6
110 14.9
111 18.2
112 10.5
113 17.7
114 17.9
115 10.1
116 15.5
117 16.6
118 18.3
119 11.7
120 14.7
121 18.7
122 15
123 14.7
124 10.3
125 11.1
126 11.1
127 17.7
128 11.9
129 13.5
130 11.7
131 12.3
132 13.2
133 11.2
134 16.1
135 17.6
136 16.6
137 17.9
138 11.2
139 16.6
140 14.8
141 13.1
142 13.3
143 13
144 10.5
145 9.6
146 12
147 18.1
148 11.6
149 13.6
150 16.5
151 11.9
152 10.4
153 14.8
154 12.9
155 16.2
156 10.5
157 14.8
158 15
159 15.1
160 9.9
161 12.6
162 17.3
163 14.2
164 15.1
165 10.4
166 13.9
167 11.3
168 10.2
169 12.4
170 10.6
171 14.9
172 12
173 17.5
174 11.8
175 9.7
176 16.4
177 13.1
178 10.2
179 16.3
180 12.1
181 17.7
182 14.2
183 16.3
184 14.2
185 16.3
186 15.3
187 16
188 18.3
189 15.9
190 10.8
191 12.1
192 11.2
193 13.1
194 11.8
195 15.5
196 11.8
197 17.8
198 16.4
199 11.6
200 13.8
201 15.9
202 12.9
203 16.1
204 12
205 16.1
206 12
207 12.9
208 13.9
209 17
210 18.3
211 14
212 16.3
213 13.2
214 12.7
215 11.5
216 11.6
217 12.1
218 9.8
219 14.2
220 14.7
221 17.1
222 17.9
223 13.7
224 10.4
225 13.1
226 10.1
227 16.5
228 11.8
229 17.9
230 15.8
231 14.2
232 12.7
233 17.1
234 14.8
235 11.4
236 13.8
237 11.3
238 15.1
239 18.5
240 15.7
241 10.3
242 15.1
243 11.5
244 14.2
245 11.8
246 13.4
247 11.3
248 15.3
249 18.3
250 11.5
251 11.1
252 17.1
253 11.7
254 10.6
255 15.5
256 11.1
257 10.6
258 18.3
259 17.5
260 14.2
261 13.3
262 13.6
263 14.8
264 10.8
265 14.2
266 13.3
267 10.1
268 16.6
269 15
270 13.6
271 13.1
272 16.4
273 18.3
274 15.7
275 18.3
276 14
277 15.9
278 17.7
279 11.6
280 10.9
281 14.9
282 17.4
283 16.3
284 15.5
285 11.4
286 17.5
287 13.2
288 17.2
289 12.6
290 15
291 18.7
292 18
293 15.5
294 11.2
295 18.3
296 11.7
297 14.3
298 14.3
299 12.6
300 10.4
301 11.4
302 17.9
303 10.7
304 10.6
305 11.6
306 16.9
307 16.4
308 14.8
309 10
310 18
311 17.2
312 11.2
313 17.9
314 15.1
315 11.6
316 18.2
317 9.6
318 12.7
319 11.8
320 14.1
321 17.3
322 15.3
323 11.4
324 13.4
325 18.1
326 10
327 11.2
328 9.9
329 15.3
330 14.8
331 10
332 12.6
333 12.2
334 11.3
335 16
336 11.1
337 15.7
338 15.6
339 15.1
340 15.9
341 14.9
342 15.7
343 14.6
344 10.7
345 16.3
346 10.7
347 15.7
348 15.2
349 18.1
350 16
351 15.9
352 14.6
353 13.4
354 16.1
355 14
356 17.7
357 14.5
358 11.5
359 16.7
360 18.4
361 15.2
362 11.6
363 11.7
364 13.3
365 10.8
366 13.3
367 15.7
368 12.5
369 10.2
370 17.7
371 14.8
372 16.3
373 14.8
374 12.2
375 18
376 13.1
377 17.3
378 10.1
379 10.6
380 14.8
381 12.1
382 10.4
383 12.4
384 13.2
385 17.2
386 14.3
387 17.7
388 11.8
389 16.3
390 17
391 12.2
392 13.5
393 12.1
394 10.6
395 18.1
396 11.6
397 9.9
398 16.4
399 14.6
400 18.4
