1 17.4
2 10
3 14.7
4 14.3
5 9.9
6 14.7
7 11.4
8 12
9 10.2
10 17.6
11 10.9
12 17.9
13 17.5
14 13.4
15 9.7
16 11.5
17 15
18 16.3
19 17.3
20 14.5
21 12.3
22 16
23 17.8
24 16.3
25 17.5
26 16.6
27 15.5
28 18.4
29 10.6
30 14.6
31 9.8
32 18.1
33 11.2
34 15.7
35 18.4
36 13.1
37 11.2
38 17.2
39 11.4
40 16.5
41 10.5
42 11
43 11.4
44 11.1
45 18.2
46 16.2
47 14.1
48 14.8
49 10.4
50 13.6
51 11.1
52 12.2
53 18.2
54 10.6
55 15.5
56 15.3
57 17.5
58 16.5
59 15.7
60 17.7
61 12.2
62 11.4
63 15.2
64 14.6
65 10
66 17.4
67 18.3
68 16.3
69 10.9
70 17.9
71 10.2
72 17.7
73 14.4
74 14.4
75 11.6
76 16.4
77 12.2
78 14
79 17.3
80 14.5
81 9.9
82 9.8
83 10.5
84 13.8
85 14.6
86 17.7
87 14.4
88 12.7
89 15.5
90 15.7
91 11.4
92 15
93 12.9
94 12.9
95 17.5
96 13.9
97 12.1
98 12
99 14.8
100 13.8
101 11.5
102 18.1
103 12.7
104 9.9
105 10.6
106 15.4
107 11.8
108 14.7
109 11.2
110 17.4
111 15.3
112 14.3
113 11.6
114 10.9
115 15.6
116 18.5
117 13.2
118 11.3
119 10.4
120 12.2
121 18.6
122 11
123 11.8
124 18.6
125 15.3
126 11.7
127 12.4
128 10.5
129 15.3
130 14.3
131 17.3
132 14
133 15.6
134 10.1
135 14.7
136 15.3
137 15.5
138 11
139 12.4
140 14.2
141 17.6
142 9.6
143 12.8
144 17.8
145 13.5
146 13.8
147 17.7
148 16.3
149 16.6
150 11.2
151 17.3
152 17.4
153 15.7
154 17.5
155 17.2
156 18.5
157 12.9
158 18.2
159 13.7
160 17.2
161 17.6
162 12.4
163 16.9
164 16
165 16.6
166 13.6
167 11.9
168 10
169 17.9
170 16.3
171 13.6
172 14.2
173 16
174 10.2
175 14.6
176 10.5
177 13.6
178 15.3
179 17.1
180 15.4
181 18.2
182 18.7
183 12.7
184 14
185 13.9
186 13.9
187 9.7
188 13.8
189 17.2
190 15.6
191 17.2
192 10.5
193 17.2
194 12
195 13.9
196 9.8
197 17.1
198 11.8
199 18.1
200 16.1
201 15.9
202 9.9
203 15.7
204 13.8
205 18
206 11.6
207 16.5
208 14.3
209 9.9
210 12.3
211 14.1
212 15
213 11.5
214 17
215 10.6
216 14.6
217 11.1
218 15.3
219 16.9
220 12.9
221 12.8
222 14.4
223 18.7
224 12.2
225 11.9
226 10.2
227 17.7
228 12.7
229 10.6
230 15.2
231 11
232 10
233 16.5
234 16
235 9.8
236 12.1
237 16.9
238 15.1
239 14.2
240 14.8
241 18.5
242 10.8
243 18
244 14.3
245 17.2
246 16.7
247 15.7
248 14
249 14.6
250 18.5
251 11.7
252 14.8
253 11.2
254 16.1
255 13.9
256 16.9
257 18.1
258 12.8
259 10.4
260 14.9
261 17.8
262 16.1
263 13.6
264 13.5
265 17.8
266 13.3
267 14.6
268 17.4
269 15.4
270 13
271 12.6
272 15.5
273 10.3
274 16.8
275 10.9
276 12.3
277 10.5
278 10.1
279 14.7
280 15.7
281 13.2
282 11.3
283 12.8
284 18.7
285 15
286 12.9
287 16.6
288 10.1
289 15.4
290 16.7
291 10.4
292 15.5
293 13.9
294 16
295 12.5
296 12.1
297 17.8
298 16.8
299 12
300 10.6
301 16
302 16
303 16.4
304 11.2
305 10.5
306 17.9
307 11.3
308 17.4
309 12.4
310 16.8
311 12.4
312 14.4
313 14.1
314 17.9
315 11.1
316 14.6
317 17.7
318 15.5
319 13.7
320 13.8
321 11.1
322 9.8
323 18.2
324 13.5
325 10.7
326 16.2
327 12.6
328 18.6
329 14.4
330 14.3
331 11.4
332 18.1
333 12.2
334 16.3
335 12.4
336 14.7
337 17.1
338 11.2
339 10.5
340 10.5
341 16.1
342 11
343 13.7
344 13.8
345 15.2
346 16.9
347 16.3
348 10.8
349 12.6
350 16.1
351 9.8
352 13.3
353 12.2
354 16.1
355 15.6
356 17.4
357 10.7
358 18.3
359 18.6
360 18.6
361 14.9
362 11.8
363 13.2
364 11.9
365 15.7
366 15.3
367 14.4
368 11.3
369 10
370 11.6
371 17.7
372 18
373 15.3
374 12.2
375 14.3
376 17.6
377 14.5
378 14.4
379 10.2
380 15.5
381 11.6
382 16.2
383 9.9
384 12.5
385 16.8
386 14.4
387 12.2
388 17
389 16.5
390 14.4
391 17.3
392 15.7
393 17.2
394 15.2
395 17.5
396 18.3
397 10.8
398 14.5
399 18.3
400 13.9
