1 16.5
2 13.5
3 10.9
4 14.3
5 16.5
6 11.1
7 18.5
8 11.1
9 15.7
10 10.6
11 13.2
12 12.8
13 18.5
14 17
15 15
16 10.7
17 17.4
18 17.6
19 14.5
20 10.5
21 16.3
22 10.2
23 16.8
24 11.3
25 11.6
26 15
27 14
28 14.3
29 11.9
30 16.3
31 15.3
32 15.4
33 13.8
34 15.3
35 15.1
36 18.6
37 17.3
38 13.1
39 17.8
40 15.2
41 15.2
42 13.1
43 11.5
44 10.3
45 13.2
46 17.5
47 15
48 15.8
49 14.6
50 16.5
51 10.3
52 18.1
53 17.5
54 16.6
55 13.1
56 11.9
57 13.6
58 15.9
59 18.2
60 17.7
61 17
62 18.5
63 11.2
64 11.2
65 12.6
66 15.1
67 18.6
68 17.9
69 17.3
70 10.6
71 14.6
72 11
73 14.6
74 18.4
75 12.6
76 10.4
77 11.1
78 10.4
79 12.5
80 12.3
81 12.2
82 16.3
83 14.8
84 11.1
85 10.1
86 14.7
87 18.4
88 15.2
89 9.9
90 18
91 11.8
92 9.8
93 12.9
94 13.9
95 11.5
96 14
97 10.8
98 9.6
99 12.7
100 11.3
101 9.9
102 14.2
103 13.7
104 11.3
105 11.8
106 14.3
107 16.9
108 12.4
109 14.8
110 15.5
111 12.4
112 13.2
113 17.3
114 13.9
115 10
116 16
117 14.8
118 15.1
119 10.3
120 15.7
121 16.7
122 18.2
123 13.3
124 17
125 11.4
126 13
127 12.1
128 18.4
129 15.6
130 14.1
131 15.9
132 16.1
133 16
134 16.2
135 10.9
136 10.7
137 14
138 15.8
139 15.6
140 15.4
141 17.8
142 15.8
143 10.3
144 13
145 9.9
146 15.3
147 14.4
148 13.7
149 16
150 9.9
151 11.6
152 17.2
153 13.7
154 13.5
155 13.8
156 11.1
157 15
158 17.3
159 17.8
160 9.9
161 15.9
162 16.1
163 10.2
164 13.3
165 10.7
166 18
167 10.8
168 12.9
169 9.9
170 10.8
171 18
172 18.6
173 13.6
174 13
175 11.2
176 15.3
177 15.1
178 17.3
179 10.1
180 12.5
181 16.3
182 9.9
183 18.2
184 14.2
185 17.2
186 9.7
187 13.6
188 18.5
189 17.2
190 9.9
191 15.1
192 10.4
193 9.6
194 12.7
195 14.2
196 11.2
197 15
198 11.9
199 18.5
200 12.5
201 16
202 14.4
203 15.4
204 11.9
205 13.7
206 17.4
207 10.7
208 14.9
209 12.8
210 16.7
211 15.6
212 11.5
213 18.3
214 16.3
215 16.8
216 10.5
217 16.2
218 12.9
219 13.1
220 11.2
221 11.4
222 10.5
223 18
224 14.5
225 13.1
226 9.7
227 9.9
228 18
229 13
230 17.6
231 11.4
232 13.3
233 11.9
234 14.2
235 17
236 12.8
237 11.7
238 12.3
239 13.8
240 15.3
241 10.1
242 10.6
243 13
244 9.9
245 15.3
246 12.5
247 12.1
248 9.8
249 17.6
250 10.8
251 12.4
252 15.5
253 18.4
254 11.4
255 13.3
256 16.8
257 15.1
258 13.2
259 15.8
260 14.6
261 16.5
262 18.3
263 12.5
264 9.7
265 13.8
266 16.2
267 14.2
268 11.3
269 10.2
270 17.3
271 16
272 11.3
273 14.2
274 13.9
275 11.6
276 15.9
277 10
278 18
279 18
280 15.7
281 10.5
282 18.6
283 12
284 12.5
285 13.5
286 14.1
287 14.7
288 11.8
289 13.8
290 11
291 14.1
292 18.3
293 9.8
294 15.3
295 17.7
296 14.6
297 10.8
298 17.4
299 16.2
300 15.6
301 11.6
302 15.6
303 13.2
304 15.5
305 13.8
306 14.4
307 11.8
308 10.4
309 13.9
310 16
311 12.2
312 13.8
313 11
314 14.7
315 12
316 10.3
317 17.3
318 10.8
319 18
320 12.5
321 16.2
322 18
323 14
324 10.2
325 13.7
326 10.1
327 13.4
328 13.6
329 9.8
330 14.6
331 14.3
332 15.8
333 18.5
334 17.8
335 10.3
336 13.5
337 16.2
338 18
339 13.8
340 10.9
341 11.6
342 17.1
343 17.6
344 16.8
345 17.2
346 14.5
347 12.8
348 17.2
349 14.3
350 12
351 9.9
352 13.3
353 11.3
354 13
355 15.8
356 16.7
357 12.5
358 13.3
359 13.8
360 10.2
361 18.1
362 13.8
363 17.8
364 11
365 15.4
366 16.2
367 11.9
368 18.1
369 10.2
370 12.7
371 17.9
372 16.3
373 14.6
374 13.7
375 11.8
376 10.2
377 17.9
378 14.6
379 14.6
380 14.1
381 16.2
382 10.2
383 13.4
384 18
385 15.1
386 11
387 10.9
388 9.6
389 18
390 17.2
391 14.4
392 17.3
393 15.3
394 11.8
395 18
396 18.5
397 13.8
398 12.2
399 13.9
400 14.7
