1 17
2 15.7
3 12
4 15.6
5 17.3
6 13.3
7 16.9
8 9.7
9 10.7
10 17.1
11 9.9
12 10.7
13 15.2
14 10.3
15 12.1
16 15.1
17 17
18 16.8
19 14.4
20 9.8
21 12.9
22 10.1
23 11.7
24 14.7
25 18.3
26 17.4
27 12.6
28 10
29 14
30 14.9
31 13.7
32 10.3
33 13.6
34 17.4
35 14.2
36 14.4
37 14.1
38 15.6
39 13.2
40 11.7
41 14
42 15.1
43 10.2
44 18.2
45 13.9
46 14.7
47 16.3
48 14.4
49 11
50 13.7
51 13.8
52 13.4
53 14.6
54 12.7
55 17.3
56 12.6
57 17.1
58 16.5
59 10.7
60 11.4
61 13.8
62 12.3
63 12.5
64 13.2
65 15.9
66 13.3
67 17.7
68 11.3
69 9.9
70 14.2
71 13.4
72 13.2
73 12.3
74 12.3
75 15.2
76 13.3
77 15.5
78 12.4
79 15.4
80 12.9
81 9.7
82 17
83 14.7
84 14.7
85 16.5
86 16.9
87 11.1
88 11.7
89 14.4
90 13.2
91 18.3
92 13.7
93 13.4
94 12.9
95 13.2
96 12.7
97 12.8
98 18.6
99 13.9
100 14.5
101 16.3
102 10.7
103 13.4
104 17.7
105 12.7
106 14.5
107 16.4
108 13.4
109 13.5
110 14
111 14.4
112 14.2
113 11.2
114 14.3
115 17.5
116 12.8
117 12.1
118 15.1
119 16.2
120 15.8
121 17.3
122 13.4
123 17.6
124 16
125 15.2
126 18.1
127 11.6
128 12.3
129 11.5
130 11.8
131 12
132 14.1
133 17.7
134 15.6
135 17.9
136 10.9
137 13.2
138 9.6
139 13.9
140 17.7
141 10.6
142 11.7
143 18
144 13
145 13.4
146 11.7
147 13.3
148 15.9
149 13
150 17.8
151 10
152 10.3
153 14.9
154 14.1
155 17.9
156 17.4
157 12.7
158 11.1
159 12.5
160 15.8
161 9.9
162 17.2
163 12.4
164 18.3
165 16.5
166 11.9
167 13.6
168 14.5
169 11.8
170 12.7
171 17.1
172 16.1
173 18.3
174 16.2
175 12.8
176 13
177 14.3
178 15.2
179 11.5
180 14.2
181 12.7
182 17.4
183 15.7
184 17.1
185 14.1
186 12
187 10.5
188 17.1
189 17.6
190 11.4
191 11.6
192 17.8
193 15.1
194 13.3
195 15.2
196 17.1
197 15.4
198 10.4
199 14.5
200 14.1
201 15.6
202 11.5
203 17.3
204 16.9
205 11.9
206 10.6
207 12.8
208 17.9
209 12
210 12.4
211 12.3
212 15.7
213 13.7
214 15.1
215 10.7
216 12.7
217 12.9
218 13.1
219 13.8
220 14.3
221 14.2
222 11.5
223 13.8
224 12.8
225 16.2
226 15.4
227 11.9
228 9.8
229 16.9
230 12.4
231 16.2
232 13.4
233 13.6
234 12
235 14.7
236 10.2
237 12.3
238 14.5
239 13.8
240 13.1
241 13.6
242 18.5
243 16.1
244 10.7
245 18.6
246 12.6
247 18
248 9.8
249 18.6
250 14.4
251 9.8
252 17.1
253 14.3
254 12.8
255 14.7
256 13.7
257 11
258 11.1
259 11.6
260 13.7
261 14.6
262 10.2
263 14.5
264 16.1
265 12.8
266 11
267 18.6
268 13.3
269 12.7
270 11.2
271 11.5
272 11.5
273 17.1
274 12.2
275 14.1
276 16.4
277 11.8
278 11.1
279 15.3
280 12.1
281 10.8
282 12.7
283 17.2
284 15.7
285 11.2
286 16.6
287 10.3
288 15.1
289 15.7
290 15.6
291 14.7
292 9.7
293 10.8
294 14.3
295 14.2
296 16.7
297 11.2
298 14.6
299 11.2
300 16.3
301 15.8
302 11.2
303 10.6
304 16.8
305 11.3
306 17.5
307 15.6
308 13.8
309 14.1
310 12.1
311 16.4
312 14.3
313 14.9
314 14
315 17.9
316 18.3
317 16.7
318 15.4
319 14.2
320 11.5
321 10.3
322 16.5
323 12.3
324 15.1
325 17.4
326 17.1
327 11.1
328 9.9
329 16
330 10.5
331 11
332 18.2
333 15.1
334 15.9
335 16.1
336 14.4
337 12.5
338 13.3
339 11.8
340 11.1
341 9.7
342 17.1
343 17.2
344 10.9
345 10.8
346 15.1
347 12.2
348 14.9
349 15
350 10.5
351 13.3
352 15.8
353 10.9
354 10.8
355 14
356 10.9
357 18.6
358 10.9
359 10.1
360 17.6
361 16.1
362 13.8
363 18.2
364 18.4
365 13.1
366 17.6
367 14.6
368 17.2
369 9.7
370 14.5
371 12.1
372 16.6
373 10.3
374 18.3
375 13.2
376 14.7
377 14.5
378 12.9
379 9.6
380 13.8
381 17.9
382 12.4
383 12.4
384 13.5
385 15.5
386 13.6
387 10.8
388 14.5
389 17
390 15.4
391 15.8
392 16.2
393 18.5
394 12.2
395 15
396 15.8
397 12.4
398 17.8
399 10.8
400 10.7
