1 10.9
2 10.8
3 14.2
4 9.8
5 14.2
6 11.4
7 10.4
8 11.5
9 13.3
10 12.6
11 13.6
12 11
13 16.9
14 16.2
15 16.7
16 16.7
17 11.6
18 17.2
19 14.8
20 12
21 13.5
22 13.7
23 12.2
24 16.5
25 12.3
26 18.6
27 13.4
28 12.6
29 18.4
30 10.9
31 16.6
32 10.9
33 11.4
34 15.4
35 18.1
36 18.3
37 10.2
38 12.8
39 10.5
40 16.8
41 16.9
42 15.3
43 9.9
44 17.9
45 18.4
46 17.6
47 12.8
48 18.6
49 17
50 12.8
51 10.3
52 14.9
53 18.4
54 12.3
55 12.6
56 17.5
57 12.1
58 11.4
59 13.3
60 14.3
61 18.3
62 13.7
63 9.6
64 18.5
65 9.9
66 10.3
67 16.6
68 17.7
69 17.9
70 18.1
71 10.1
72 16.6
73 12.3
74 17.9
75 17.9
76 9.7
77 12.8
78 15.3
79 13.2
80 10.1
81 10.3
82 10.9
83 9.7
84 17.4
85 18
86 11
87 15
88 14.7
89 16.2
90 11.7
91 11.4
92 14.2
93 17
94 13.5
95 13.8
96 13.2
97 13.4
98 10.8
99 10.2
100 16.2
101 12.3
102 10.5
103 14.2
104 14.5
105 15.6
106 17.2
107 10.9
108 12.9
109 11.8
110 10.7
111 13.4
112 13.3
113 16.6
114 17.5
115 13.4
116 18.5
117 14.8
118 11.2
119 15.1
120 11.9
121 13.6
122 16.1
123 17.4
124 11.4
125 16.9
126 11.7
127 15.9
128 16.6
129 10.8
130 13.5
131 17.2
132 12.8
133 14.4
134 9.8
135 18.4
136 14.2
137 15.7
138 10.1
139 16.2
140 17.6
141 17.9
142 14.4
143 18.4
144 13.4
145 15.9
146 11.1
147 12.5
148 17.4
149 11.4
150 14.4
151 17.8
152 12.8
153 11.3
154 12.6
155 13.1
156 14.2
157 11.6
158 9.9
159 11.4
160 14.4
161 18.3
162 15.5
163 10.7
164 16
165 17.5
166 17.2
167 18.5
168 10.4
169 10.6
170 11.7
171 16
172 13.7
173 15.4
174 9.6
175 14.8
176 14.4
177 15.2
178 16
179 16.4
180 13.2
181 10.3
182 12.8
183 9.7
184 11.9
185 16.6
186 16.2
187 17.1
188 12.6
189 12.6
190 18.4
191 14.5
192 10.3
193 15.7
194 13.5
195 18.3
196 15.7
197 15.1
198 16.1
199 10.3
200 15.7
201 16.6
202 9.7
203 10.6
204 18.6
205 16
206 15.9
207 16.6
208 10.6
209 12.6
210 10.9
211 16.3
212 14.2
213 14.1
214 17
215 13.9
216 13
217 18.3
218 14.6
219 11.5
220 14.8
221 13.5
222 11.5
223 11.6
224 17
225 10.2
226 13.6
227 12.9
228 11
229 9.9
230 16.9
231 16.7
232 15.7
233 13.4
234 10.1
235 18.5
236 13.3
237 13.3
238 16.6
239 10.4
240 15
241 15.1
242 10.9
243 12.5
244 10.5
245 16.3
246 10.2
247 16.9
248 10.6
249 14.3
250 13.9
251 14.7
252 10.8
253 16.8
254 17.8
255 16.8
256 10.9
257 17.9
258 12.6
259 13
260 10.3
261 13.3
262 11.9
263 15.2
264 14.2
265 17.3
266 9.7
267 12.7
268 15.1
269 9.6
270 13
271 10
272 13.1
273 11.6
274 12.7
275 14.3
276 10.3
277 10.3
278 12
279 14.5
280 17.6
281 11.9
282 10.9
283 18
284 18.2
285 16
286 11.5
287 16.7
288 14
289 9.6
290 16.5
291 9.8
292 12.6
293 9.9
294 11.7
295 10.9
296 14.7
297 17.2
298 14.6
299 11.5
300 14.1
301 16.8
302 15.7
303 11.3
304 17.6
305 18.4
306 13.3
307 13
308 12.6
309 16.9
310 14.8
311 11.6
312 10.4
313 18.2
314 11.5
315 12.6
316 17.7
317 13.6
318 12.1
319 16.1
320 11.7
321 10.6
322 13
323 12.7
324 17.1
325 11.2
326 17.8
327 17.4
328 11.9
329 11.1
330 12.6
331 15.5
332 18.5
333 10
334 16.9
335 10
336 14
337 15.3
338 18.7
339 17.9
340 16.8
341 11.3
342 10.8
343 13
344 10.8
345 12.8
346 12.8
347 16.8
348 17.6
349 12.2
350 12.1
351 10.7
352 16.9
353 9.7
354 17.3
355 12.9
356 13.9
357 10.7
358 13.3
359 12.5
360 18.7
361 15.2
362 18.6
363 15.6
364 18.3
365 10.1
366 18.2
367 10.9
368 15.1
369 18.5
370 16.5
371 11.2
372 12.8
373 14.3
374 10.6
375 14.3
376 13.4
377 12.2
378 11.4
379 12.9
380 17.1
381 14.3
382 12.8
383 14.6
384 15
385 14.2
386 17.1
387 10.6
388 11.2
389 11
390 17.8
391 10
392 11.3
393 18.3
394 11.3
395 12.2
396 12.7
397 10.4
398 11.9
399 9.8
400 15.6
