1 14.4
2 16.1
3 15.1
4 11.9
5 12.3
6 12.7
7 9.9
8 11.2
9 10.1
10 16.2
11 11.4
12 9.7
13 17
14 17.1
15 18.7
16 15
17 13.7
18 10.6
19 17.3
20 11.6
21 12.3
22 15.2
23 13.4
24 13.6
25 10.1
26 12.4
27 15.7
28 18.3
29 18.2
30 15.2
31 10.5
32 17.2
33 10.1
34 12.3
35 12
36 18.4
37 9.9
38 14.1
39 14.6
40 16.6
41 18.2
42 10.2
43 11.1
44 10.8
45 13.4
46 11.3
47 13.7
48 15.4
49 10.1
50 10.7
51 12.9
52 18.5
53 9.9
54 13
55 11.8
56 16
57 10.1
58 18.4
59 17
60 11.1
61 13.2
62 9.9
63 14.2
64 15.6
65 13.4
66 15.5
67 17.9
68 18.6
69 10.5
70 17.7
71 14.8
72 10.1
73 18.5
74 11.5
75 18.7
76 17.8
77 12.3
78 18.2
79 18.2
80 17.3
81 13
82 11.6
83 17.7
84 18.6
85 11.9
86 18.3
87 17.3
88 17.6
89 14.9
90 11.9
91 12.7
92 13.9
93 16.7
94 18.1
95 16
96 13
97 13.2
98 13.3
99 14.7
100 11.6
101 16.7
102 15.9
103 15.4
104 13.8
105 18.3
106 16.9
107 16.2
108 11.8
109 16.4
110 12.1
111 18.5
112 15.5
113 11.4
114 10.1
115 13.6
116 11.2
117 11.6
118 14.2
119 16.5
120 12.8
121 13.6
122 17
123 12.1
124 16.9
125 12.9
126 14
127 11.6
128 12.9
129 16.6
130 11.7
131 12
132 14.8
133 12.9
134 10
135 12.2
136 13
137 15.4
138 14.1
139 13
140 10
141 9.9
142 12.5
143 10.6
144 13.6
145 12.5
146 12.2
147 10
148 13.4
149 11.7
150 11.4
151 14.4
152 14.6
153 13.2
154 12.4
155 15.6
156 10.1
157 13.4
158 17.1
159 15
160 10.1
161 12.5
162 16.7
163 10
164 18.2
165 10.7
166 10.6
167 10
168 11.4
169 17
170 18.3
171 18.6
172 11.6
173 13.6
174 11.9
175 17.4
176 15.3
177 14.1
178 14.8
179 16.4
180 15.5
181 14.7
182 11.2
183 15.7
184 17.5
185 11.8
186 13.2
187 14.3
188 10.9
189 11.9
190 10.7
191 12.7
192 17.2
193 17
194 16.1
195 18
196 11.9
197 12.7
198 10
199 13.7
200 12.8
201 12.1
202 17.2
203 15
204 15.8
205 11.9
206 11.5
207 16.4
208 15.1
209 14.3
210 14.7
211 14.8
212 16.5
213 14.1
214 15.2
215 16.1
216 16
217 16.5
218 16.3
219 17.5
220 18.3
221 10.7
222 14.4
223 9.7
224 10.7
225 10.1
226 15.8
227 18.2
228 13.2
229 12.4
230 9.7
231 9.9
232 11.7
233 16.8
234 16.8
235 11.6
236 12.6
237 16.5
238 12.9
239 12.6
240 16.9
241 11.1
242 18
243 14.6
244 15.6
245 12.4
246 15.5
247 11.4
248 14
249 16.1
250 18.4
251 16.6
252 13.4
253 12.6
254 11.5
255 10.8
256 12.5
257 17
258 12.8
259 10.8
260 12.1
261 12.2
262 11
263 12.4
264 11.9
265 10.9
266 14
267 17.7
268 10.2
269 11.7
270 17.4
271 10.7
272 15.1
273 11.7
274 12.4
275 16.1
276 11.9
277 12.2
278 13.6
279 15.6
280 15.1
281 17.9
282 16.6
283 11.7
284 13.4
285 10.8
286 12.4
287 11.7
288 17.2
289 17.5
290 12.9
291 14.4
292 17
293 14.8
294 15.4
295 17.1
296 17
297 10.7
298 14.7
299 15.5
300 17
301 18.3
302 17.3
303 15.5
304 13.5
305 13.9
306 12.9
307 10.4
308 13.7
309 16
310 11
311 15.2
312 13.8
313 10.6
314 16.8
315 12.2
316 17.6
317 17.2
318 18.6
319 17.2
320 10.3
321 9.7
322 13.1
323 11
324 17.8
325 13.7
326 15.2
327 10.6
328 12.6
329 14.1
330 15.8
331 14.4
332 13.8
333 11.4
334 14.2
335 13.8
336 15.8
337 16
338 16.5
339 16.1
340 11
341 17.3
342 18.1
343 15.1
344 13.9
345 10.6
346 15.8
347 18.5
348 15.9
349 16
350 13.4
351 13.9
352 13.6
353 9.7
354 10.2
355 9.9
356 13.7
357 11.3
358 11.8
359 15.9
360 11.4
361 10.1
362 14.2
363 14.5
364 18
365 12
366 18.5
367 10.3
368 16.6
369 15.8
370 10.9
371 15.2
372 12.1
373 9.6
374 18.2
375 11.1
376 10.1
377 15.8
378 10.6
379 12.6
380 16.6
381 9.9
382 16.2
383 15.9
384 12.7
385 15.6
386 10.2
387 11.6
388 12.9
389 10.3
390 15.8
391 10.5
392 17.2
393 14.8
394 15.9
395 16.3
396 10.6
397 13.4
398 13.4
399 9.8
400 10.4
