1 10.7
2 15.6
3 14.5
4 10
5 9.7
6 17.3
7 15.2
8 11.6
9 14.9
10 11.5
11 15.1
12 11.6
13 17.6
14 15.2
15 16.7
16 17.2
17 18.1
18 9.8
19 9.8
20 18.1
21 13.1
22 15.2
23 15.1
24 12
25 12.8
26 10.7
27 11.7
28 12.8
29 14.8
30 12.6
31 11.6
32 15.9
33 17
34 9.9
35 10.7
36 12
37 14.2
38 18.5
39 13.4
40 11.2
41 15.3
42 12.4
43 14.7
44 15.3
45 17.5
46 10.1
47 11.7
48 11
49 18.3
50 9.7
51 17.4
52 9.8
53 13.2
54 17
55 13
56 18.5
57 12.1
58 11.7
59 11.9
60 11.2
61 13.5
62 16.8
63 16.5
64 13
65 17.4
66 14.7
67 13.8
68 13.6
69 12.8
70 12
71 9.8
72 18.5
73 12.9
74 15.1
75 11.1
76 12.7
77 11.1
78 17
79 18.6
80 16.9
81 11.8
82 14.1
83 13.8
84 9.8
85 17.9
86 16.3
87 11.4
88 16.3
89 12
90 13
91 13.6
92 16.5
93 11.8
94 15.4
95 12.9
96 10.5
97 10.1
98 17.8
99 15.1
100 14
101 17.4
102 17.4
103 18.2
104 10.1
105 14.7
106 16.5
107 13.6
108 12.1
109 10.1
110 9.9
111 14.9
112 11.3
113 14.6
114 10.7
115 17.6
116 17.2
117 11.6
118 14.5
119 15.2
120 18.4
121 10.6
122 11.5
123 17
124 9.7
125 12.2
126 9.9
127 14.9
128 11.9
129 11.2
130 16.2
131 14.7
132 12.4
133 12.2
134 18
135 16.3
136 16.8
137 9.7
138 13.5
139 13.5
140 12.7
141 17.1
142 17.7
143 14.6
144 16.2
145 15.8
146 14.7
147 10.9
148 13.1
149 15
150 13.1
151 11
152 10.3
153 15
154 13.1
155 13.4
156 17.4
157 17.3
158 10.8
159 18
160 12
161 9.7
162 15.8
163 13.1
164 16.9
165 18
166 15
167 18
168 15.2
169 14
170 12
171 11
172 13.5
173 16.4
174 14.4
175 13.3
176 17
177 13.2
178 13.7
179 12.1
180 14.7
181 12.5
182 13.5
183 12.9
184 13.7
185 14.1
186 14.6
187 12.1
188 11.2
189 11.4
190 10.5
191 18.1
192 14.4
193 12.6
194 13.5
195 10.4
196 17.7
197 10.1
198 10
199 9.9
200 17.8
201 16.5
202 18.1
203 15.5
204 13.8
205 10.6
206 10.5
207 16
208 17.3
209 14.2
210 13.7
211 12.5
212 12.1
213 15.7
214 17.2
215 16.4
216 14.3
217 15.1
218 13
219 13.4
220 17.7
221 15.4
222 10.3
223 10.9
224 13.7
225 17.9
226 15.2
227 16.1
228 13.8
229 18.3
230 13.5
231 14.9
232 10.4
233 15.3
234 10.4
235 18.2
236 12.6
237 11.3
238 16.7
239 18.3
240 11.9
241 16.6
242 11.7
243 12.2
244 13.6
245 18.2
246 16.3
247 17.4
248 15.7
249 15.8
250 14.3
251 17.6
252 17.8
253 13.5
254 11.7
255 10.4
256 13.6
257 14.6
258 17.8
259 12.3
260 13.6
261 17.9
262 17.8
263 10.8
264 14.7
265 17.5
266 13
267 10.3
268 18.3
269 12
270 16
271 16.1
272 13.5
273 18.4
274 13.6
275 11.7
276 18.3
277 13.3
278 12.5
279 11.6
280 12.5
281 14.3
282 15.2
283 15.8
284 10.6
285 17.4
286 16.1
287 12.1
288 17.8
289 9.7
290 18.1
291 17.3
292 16.2
293 11.5
294 15.3
295 11.4
296 16.3
297 11.9
298 13.7
299 10.3
300 11.7
301 15.3
302 9.9
303 14
304 16.7
305 17.7
306 16.2
307 11.1
308 16.2
309 12.8
310 16.1
311 12.9
312 17.5
313 17.8
314 12.7
315 17.6
316 13.5
317 11.6
318 15.8
319 12
320 11.8
321 10.4
322 13.2
323 13.4
324 11.5
325 10.7
326 16.3
327 12.4
328 9.8
329 14.8
330 18.6
331 18.4
332 10.3
333 14.6
334 18.1
335 17
336 16.1
337 12.5
338 16.5
339 10.8
340 15.7
341 10
342 10.4
343 17.1
344 16.3
345 15.2
346 12.8
347 13.9
348 16.6
349 16.6
350 12.3
351 14.8
352 17.5
353 14.7
354 17.9
355 9.9
356 17.1
357 18
358 13.4
359 18.6
360 17
361 15.2
362 15.3
363 16.7
364 13.1
365 12.4
366 14.6
367 11.7
368 15.4
369 9.9
370 11.3
371 11
372 15.7
373 16.8
374 15.1
375 10.8
376 12.4
377 13.5
378 12.2
379 14.3
380 9.9
381 17
382 16.1
383 16.3
384 11.3
385 11.5
386 11.1
387 16.2
388 13.7
389 17.9
390 16.9
391 16.8
392 14.4
393 10.9
394 9.9
395 14.7
396 10.3
397 11.4
398 10.1
399 12
400 18.3
