1 11.3
2 11.2
3 17.2
4 16.1
5 13.6
6 12.7
7 17
8 15
9 15.1
10 16.1
11 13.1
12 9.9
13 10.4
14 10.4
15 9.7
16 11.3
17 16.3
18 10
19 16.2
20 14.6
21 13.1
22 10.3
23 17.5
24 15.3
25 17.3
26 17.7
27 10.9
28 17.9
29 18.2
30 18.6
31 17.3
32 10.1
33 9.7
34 14.2
35 13.1
36 13
37 13.7
38 12.1
39 10.4
40 14.2
41 15.6
42 11.1
43 11
44 12.9
45 11.1
46 15.5
47 18.3
48 13.1
49 9.7
50 15.5
51 14.9
52 18
53 13.4
54 15
55 14.4
56 9.6
57 15.4
58 16.5
59 16.7
60 11.9
61 10.8
62 17.3
63 10.1
64 10.3
65 18.1
66 16.9
67 12.5
68 11.2
69 12.5
70 17.9
71 14.3
72 11.3
73 15.4
74 10.6
75 15.7
76 15.8
77 14.4
78 14.9
79 10.3
80 12.6
81 12.1
82 14.5
83 17.2
84 13
85 13.5
86 13.1
87 15.2
88 12.9
89 16.4
90 18.2
91 16
92 9.8
93 11.9
94 10.8
95 11.5
96 14.6
97 16.3
98 16
99 15.5
100 9.7
101 12.4
102 13.2
103 15.4
104 10.2
105 12.4
106 11.6
107 18.6
108 17.7
109 13.9
110 9.8
111 17.7
112 13.5
113 12.4
114 13.1
115 14.2
116 17.1
117 16.2
118 15.1
119 15.6
120 10.5
121 18.1
122 10.7
123 17.9
124 10.9
125 15
126 9.8
127 17.1
128 17.7
129 11.4
130 17.7
131 13.3
132 16.9
133 16.1
134 17.8
135 18.5
136 14.4
137 13.8
138 10.8
139 10.7
140 17.7
141 12.2
142 10.9
143 18.1
144 10.6
145 17.7
146 17
147 15.3
148 11.2
149 14.8
150 13.4
151 11.3
152 15.4
153 18.7
154 18.1
155 13.8
156 14.3
157 13.6
158 15.6
159 13.5
160 14.2
161 10.6
162 18.7
163 15.4
164 13.6
165 17
166 14.7
167 10.3
168 18.5
169 17.6
170 14.2
171 10.5
172 15.1
173 11.6
174 10.4
175 16.3
176 16.4
177 17
178 14.2
179 11.6
180 12.5
181 11.9
182 18.5
183 16.2
184 13
185 16.1
186 10
187 13.1
188 9.9
189 10.1
190 11.5
191 14.7
192 16.7
193 11.7
194 15.9
195 13
196 17.1
197 17.7
198 14.6
199 13.7
200 17.3
201 12.7
202 9.7
203 18.3
204 18
205 15
206 9.9
207 17.1
208 16.7
209 17.2
210 10.7
211 12.7
212 11.3
213 10
214 13.6
215 17
216 16
217 17.4
218 10.6
219 15.9
220 15.3
221 16.3
222 17.1
223 16.3
224 11
225 12.8
226 15.3
227 15.3
228 17.7
229 11.7
230 9.8
231 15.4
232 14.3
233 15.2
234 12.3
235 16.2
236 16.5
237 15.6
238 10.6
239 16.3
240 14.9
241 16.5
242 12.2
243 18.7
244 15.7
245 11.8
246 18.2
247 18.6
248 10.1
249 11.6
250 16.7
251 13.5
252 11.3
253 16.5
254 15.6
255 14.3
256 9.7
257 12
258 13.7
259 13.6
260 14.3
261 10.5
262 10.7
263 11.2
264 13.2
265 14.2
266 9.7
267 13.5
268 9.7
269 16.1
270 14
271 9.6
272 15
273 12.8
274 15.9
275 11.7
276 15.7
277 10.6
278 15.8
279 16.6
280 17.2
281 14.8
282 16.1
283 15.2
284 15.2
285 13.3
286 17.5
287 13.3
288 16.5
289 16.4
290 17.2
291 17.4
292 15.3
293 16.8
294 9.7
295 14.9
296 17.8
297 16.7
298 17.1
299 10.7
300 15.1
301 9.8
302 12.5
303 11
304 11.3
305 13.3
306 18.4
307 10.2
308 10.6
309 18.2
310 16.6
311 15.9
312 13.5
313 16
314 14.8
315 12.4
316 17.2
317 18.4
318 15.2
319 18.2
320 17
321 14.8
322 13.5
323 17.6
324 10.6
325 15
326 17.4
327 13.2
328 13.6
329 11.6
330 13.1
331 17
332 13.4
333 17.7
334 16.6
335 16.1
336 16.8
337 16
338 16.8
339 14.6
340 17.6
341 9.8
342 13.2
343 12.2
344 11.9
345 13.2
346 18.7
347 14.2
348 16.3
349 16
350 10
351 15.7
352 14.8
353 14.3
354 17.7
355 14.8
356 17.7
357 16.6
358 16.8
359 11
360 13.3
361 15.1
362 12.8
363 14.5
364 13.1
365 14.9
366 18.5
367 11.7
368 17
369 9.7
370 16.9
371 15.9
372 17.7
373 15.2
374 16
375 10.4
376 16.1
377 13.5
378 15.6
379 12
380 11.7
381 17.9
382 12.6
383 10.5
384 13.6
385 13.1
386 17.5
387 18.1
388 17.4
389 15.1
390 9.6
391 13.1
392 11.6
393 16.2
394 13
395 12.6
396 13.1
397 13
398 10.7
399 11.6
400 15.4
