1 11.5
2 11.1
3 15.8
4 15.3
5 12.4
6 18.1
7 13.7
8 13.1
9 9.7
10 10.2
11 14.8
12 16.1
13 12.4
14 15.7
15 15
16 13.7
17 17.7
18 15.8
19 13.7
20 13.1
21 17.1
22 9.9
23 11.7
24 17.1
25 13.1
26 17.8
27 11.1
28 15.7
29 11.9
30 12.9
31 17.6
32 14.5
33 17.5
34 10.9
35 18.3
36 11.9
37 10.2
38 16.5
39 15.9
40 14.4
41 9.7
42 17
43 10.3
44 18.2
45 12.3
46 15
47 10.4
48 10.8
49 12.8
50 17.5
51 11.4
52 11.6
53 10.3
54 9.6
55 11
56 14.7
57 16.2
58 12
59 18.3
60 15.6
61 10.4
62 13.1
63 11.2
64 13.4
65 17.1
66 13.8
67 13.6
68 14.4
69 10.8
70 18
71 11.2
72 11.5
73 15.4
74 18.2
75 15.7
76 11.2
77 14.5
78 9.8
79 12.6
80 17.1
81 18.7
82 16.3
83 11.1
84 15.6
85 16.6
86 17.7
87 14.8
88 9.9
89 10.3
90 17.2
91 12.8
92 10.6
93 17
94 9.6
95 18.7
96 9.8
97 17.4
98 16.7
99 10.9
100 12.8
101 16.6
102 14.8
103 13.4
104 17.2
105 15.6
106 10.7
107 13.1
108 12.5
109 12.5
110 10.6
111 17.4
112 18.2
113 15.3
114 18.1
115 13
116 15.1
117 11.3
118 17.4
119 9.8
120 15.7
121 11.6
122 12.2
123 13.1
124 18
125 16
126 12.8
127 17.3
128 16.5
129 16.5
130 16.6
131 10.7
132 15.4
133 12.2
134 17.6
135 18.3
136 17.1
137 17.5
138 9.7
139 11.8
140 12.1
141 17.8
142 9.7
143 11.2
144 17.7
145 18.7
146 10.7
147 17.5
148 18.4
149 15.2
150 10
151 9.9
152 17.4
153 18.1
154 11.9
155 10.3
156 18.7
157 10.1
158 15
159 12.1
160 9.8
161 12.4
162 10.3
163 13.1
164 12.3
165 18.2
166 18.7
167 12.6
168 14.8
169 9.9
170 11.8
171 12.1
172 18.2
173 14.9
174 17.6
175 17.2
176 10.3
177 17.9
178 18.3
179 15.7
180 15.5
181 12.6
182 15.3
183 10.9
184 9.7
185 9.7
186 13.4
187 13.7
188 11.8
189 10.8
190 17.6
191 16.9
192 11.8
193 12.1
194 12.8
195 18.5
196 11.7
197 9.9
198 10.3
199 10.2
200 14.1
201 18.3
202 14.1
203 14.2
204 11.8
205 15.4
206 17.6
207 13
208 17.9
209 10.8
210 10.5
211 16.9
212 14.6
213 15.2
214 16.3
215 17.6
216 14.6
217 11.6
218 13.5
219 14.7
220 14.8
221 11.7
222 13
223 18.4
224 16.8
225 13.7
226 12
227 18
228 12.7
229 17.2
230 12
231 15.8
232 18.5
233 13.2
234 13.4
235 18.6
236 10.3
237 12.7
238 11
239 12.3
240 16.9
241 13.7
242 11.4
243 12.5
244 15
245 16.4
246 14.6
247 16.7
248 17.3
249 12.7
250 18
251 13.4
252 17.6
253 15.3
254 11.7
255 12.3
256 10.6
257 15.2
258 13.8
259 11.9
260 14.5
261 15.3
262 16.3
263 16.3
264 13.7
265 11
266 15.6
267 16.3
268 12.7
269 18.6
270 17.6
271 11
272 10.9
273 15.6
274 17.9
275 11.8
276 15.7
277 9.7
278 11.6
279 12.9
280 12.7
281 11.1
282 14.9
283 10.2
284 10.3
285 15
286 15.1
287 12.5
288 14.9
289 14.6
290 15.1
291 9.7
292 16.3
293 15.9
294 15.5
295 16.3
296 12.4
297 18.6
298 17.7
299 16.8
300 18.3
301 17.3
302 11.4
303 14
304 12.8
305 14.3
306 17.7
307 14.9
308 16
309 15.9
310 17.8
311 11.1
312 13.4
313 13.9
314 10.1
315 14.5
316 10.3
317 13.4
318 15.6
319 14.8
320 15.3
321 9.9
322 12.8
323 11.6
324 17.1
325 12.4
326 10.8
327 11.6
328 18.4
329 16
330 16.6
331 11.2
332 17
333 11.5
334 12
335 16.8
336 17.1
337 17
338 16.9
339 13.3
340 14.9
341 10.2
342 16.4
343 16.1
344 14.1
345 9.9
346 18.6
347 17.3
348 16.7
349 13.1
350 14.5
351 14.9
352 15.4
353 17.3
354 12.7
355 17.8
356 16.1
357 16.5
358 13
359 16.2
360 17
361 10.2
362 18.1
363 18
364 17.2
365 12.8
366 11.8
367 15.4
368 18.5
369 12.7
370 12.4
371 16.1
372 11.6
373 13.4
374 17.9
375 14.6
376 18.4
377 15.4
378 10
379 10
380 10.4
381 16.7
382 13.3
383 17.7
384 9.9
385 16.6
386 11.9
387 10.6
388 12.5
389 12.6
390 14.2
391 16.6
392 12.1
393 17.4
394 10
395 10.3
396 17.9
397 14.7
398 12.2
399 14.5
400 11.5
