1 17.2
2 12.7
3 17.7
4 11.4
5 17.3
6 18
7 14.5
8 12.4
9 15.1
10 15.7
11 14.3
12 9.6
13 18
14 15.6
15 17.8
16 10.1
17 12.9
18 17.3
19 10.7
20 12.5
21 10.9
22 10.2
23 18.7
24 12.4
25 14.2
26 11.4
27 11.6
28 10.2
29 11.2
30 15.2
31 18.2
32 11.4
33 10.8
34 18
35 15.8
36 11.6
37 15.5
38 17.8
39 13.7
40 10.7
41 14.5
42 15.6
43 11.1
44 11.7
45 15.6
46 11
47 12.2
48 11.9
49 16.2
50 17.6
51 15.8
52 15.2
53 11.8
54 16.7
55 17
56 9.8
57 17.6
58 14
59 10.2
60 12.7
61 17.8
62 16.7
63 13.8
64 15.3
65 18.1
66 11.9
67 13.9
68 13.7
69 10.1
70 12.5
71 11.8
72 14.4
73 18.6
74 12.9
75 17.8
76 13.9
77 15.3
78 11.5
79 11.9
80 18.3
81 17.3
82 17.4
83 15.5
84 18.3
85 13.8
86 13.2
87 11
88 13.2
89 14.5
90 11.5
91 17.6
92 18.3
93 17.5
94 13.7
95 16
96 10.8
97 16.6
98 16.4
99 10.2
100 14.7
101 10.4
102 10.6
103 11.5
104 15.6
105 13.9
106 11.4
107 14.1
108 13
109 17.4
110 16.2
111 10.4
112 12.3
113 12.1
114 11.4
115 16.9
116 18.7
117 17.1
118 17.1
119 12.4
120 15
121 18.6
122 16.5
123 13.7
124 14.7
125 10.6
126 14.5
127 18.2
128 17.4
129 11.1
130 16.7
131 11.7
132 11.5
133 16.8
134 11.1
135 15.3
136 15.9
137 14.4
138 14.8
139 16.3
140 15
141 13.1
142 15.2
143 10.2
144 13.7
145 14.4
146 12.3
147 18
148 13.2
149 12.9
150 18.5
151 14.7
152 16.4
153 16.8
154 14.6
155 14.7
156 17
157 15.7
158 18.2
159 14
160 18.4
161 15.6
162 16.8
163 16.4
164 9.9
165 11.2
166 13.1
167 16.7
168 16.6
169 15.9
170 17.6
171 13.2
172 16.8
173 11.7
174 16.6
175 13.9
176 14.8
177 10.9
178 14.8
179 16.7
180 17
181 10.6
182 16.4
183 11.3
184 9.9
185 13.7
186 18.6
187 18.5
188 12.9
189 14.8
190 14.9
191 14.9
192 15.3
193 16.7
194 11.2
195 13.2
196 16
197 12.3
198 15.8
199 18.2
200 10.1
201 14.1
202 14.5
203 12.1
204 15.2
205 13.6
206 10.6
207 15
208 16.9
209 15.5
210 13.3
211 11.2
212 17.8
213 10.5
214 10.1
215 13.8
216 15.1
217 14.3
218 13.9
219 14.1
220 17.6
221 17.2
222 12.8
223 14.5
224 18.5
225 10.1
