1 12.6
2 18.4
3 17.5
4 11.1
5 18.4
6 13.3
7 16
8 13.7
9 18.3
10 10.8
11 16.2
12 9.9
13 14.5
14 16
15 12.5
16 14.8
17 11.7
18 17.5
19 12.4
20 12.9
21 16.9
22 15.8
23 15.2
24 14.2
25 13.4
26 17.7
27 9.6
28 14.3
29 11
30 15.3
31 11.3
32 9.8
33 15.7
34 11.7
35 11.3
36 17
37 11
38 13.6
39 17.5
40 10.6
41 14.4
42 16.5
43 16.7
44 10
45 18.3
46 10.4
47 11.9
48 13.8
49 13.6
50 15.6
51 16
52 18
53 17.7
54 10.6
55 11.6
56 18.3
57 11.7
58 18.2
59 13.3
60 15.3
61 17.9
62 10.8
63 13.3
64 11.5
65 15.1
66 18.5
67 12.5
68 12.2
69 10.7
70 12.7
71 16
72 18.7
73 15.7
74 18.1
75 13.6
76 14.2
77 12
78 9.9
79 16.8
80 17.1
81 13.7
82 12.4
83 16.3
84 17
85 11.6
86 10
87 14.9
88 13.3
89 12.4
90 13.6
91 16.2
92 11.4
93 14.3
94 12.6
95 16.8
96 10.9
97 14.4
98 18.6
99 18
100 15.2
101 16.9
102 13.1
103 13
104 15.4
105 16.8
106 13.7
107 12.8
108 13.7
109 13.1
110 16.9
111 10.2
112 11.6
113 15.5
114 15.2
115 10.2
116 10.2
117 16.1
118 16.5
119 17.3
120 13.1
121 10.1
122 11.1
123 15.4
124 12.1
125 17.6
126 14.1
127 14.1
128 12.9
129 17.4
130 10
131 15.5
132 17
133 10.4
134 17.2
135 9.9
136 14.8
137 12.2
138 10.2
139 11.2
140 17.9
141 11.6
142 15.9
143 11.8
144 11
145 13.8
146 12.9
147 12.8
148 16.2
149 12.1
150 14.5
151 11.3
152 13.3
153 17.7
154 17.6
155 16.8
156 17.5
157 17.8
158 18
159 15.8
160 13.2
161 18.7
162 18
163 10.9
164 18
165 17.7
166 9.6
167 17.1
168 12.6
169 14.7
170 14.9
171 14.8
172 17.9
173 15.7
174 18.5
175 13.9
176 11.1
177 12.1
178 12.5
179 11.8
180 16.9
181 16.9
182 15.5
183 16.3
184 9.9
185 11.6
186 13.1
187 17.2
188 9.9
189 14.2
190 17.7
191 14.2
192 16.6
193 12.8
194 13.2
195 10.4
196 18.5
197 10.7
198 10.9
199 18
200 13.6
201 9.9
202 16.6
203 11.3
204 14
205 15.4
206 18.2
207 18
208 16.8
209 14.3
210 12
211 13.1
212 12.7
213 11.5
214 13.2
215 15.7
216 16.5
217 13.6
218 13.8
219 13.6
220 16.7
221 14.9
222 15.8
223 10.6
224 9.8
225 12.6
