1 10.2
2 15.1
3 17.8
4 15.7
5 10.5
6 14.7
7 10.5
8 10.8
9 16.8
10 14
11 15
12 11.2
13 12.7
14 10.5
15 11.7
16 10.5
17 12.9
18 17.5
19 15.9
20 15.1
21 12.8
22 15
23 15.6
24 14.3
25 13.3
26 12.4
27 10.4
28 16.9
29 11.1
30 13.6
31 16.5
32 17.5
33 18.7
34 11.1
35 11.2
36 9.9
37 13.9
38 10.5
39 15.1
40 12.6
41 10.1
42 10.8
43 13.2
44 14.3
45 10.2
46 15.2
47 14.9
48 12.4
49 17.8
50 16.2
51 15.8
52 18.2
53 13.5
54 10.6
55 17
56 17.8
57 16.5
58 16.8
59 18.7
60 18.2
61 11
62 12.3
63 16.1
64 13.1
65 11.8
66 9.8
67 16.9
68 15
69 14
70 18.1
71 13.7
72 16.6
73 17.3
74 13.2
75 14.9
76 18.2
77 16.8
78 13.1
79 13.6
80 12
81 13.8
82 16.6
83 12.8
84 14.1
85 10.6
86 10.3
87 17.7
88 16.7
89 17.4
90 12.3
91 10.7
92 15.7
93 15
94 10
95 12
96 13.3
97 11.6
98 18.3
99 13.5
100 13.1
101 10.1
102 12.8
103 16.7
104 18.5
105 15
106 10.3
107 17
108 14.1
109 13.5
110 15.8
111 18.3
112 14.1
113 13.7
114 16.8
115 12.8
116 12.2
117 12.3
118 16.6
119 9.9
120 15.9
121 10.6
122 14.9
123 10.7
124 9.9
125 13.2
126 18.3
127 14.5
128 13.9
129 12.5
130 16.5
131 16.2
132 13.7
133 10.4
134 15.4
135 16.6
136 14
137 16
138 18.1
139 16.5
140 11.3
141 17.6
142 16.8
143 12.2
144 14.4
145 12
146 14.8
147 12.8
148 12.9
149 17.8
150 13.9
151 13.2
152 11.1
153 18
154 13.7
155 15.6
156 10.2
157 13.8
158 12.6
159 16
160 10.6
161 18.3
162 11.4
163 12.6
164 16.9
165 14
166 10.2
167 14.7
168 17
169 14.7
170 16.4
171 10
172 10.1
173 10
174 18.6
175 14.9
176 17.8
177 12.5
178 17.6
179 18.6
180 16.4
181 17.1
182 13.8
183 11
184 16.3
185 15.9
186 15.7
187 13
188 16.7
189 16
190 13.5
191 18.1
192 17.4
193 14.5
194 10.2
195 17.9
196 13.9
197 11.1
198 18.1
199 12.5
200 14.2
201 15.1
202 12.5
203 12.8
204 10.8
205 17.2
206 14.8
207 9.7
208 10.9
209 9.8
210 14.1
211 18.1
212 13.9
213 18.5
214 9.8
215 13.7
216 18.1
217 17.2
218 9.8
219 18.1
220 11.6
221 9.8
222 14.6
223 12.8
224 11.7
225 13.8
