1 11.2
2 13.3
3 15.2
4 14.3
5 15.6
6 12.8
7 17.7
8 15.9
9 13.7
10 12.6
11 11.1
12 13.6
13 15.7
14 14.4
15 11.5
16 14.9
17 15.6
18 14.2
19 15.9
20 10.8
21 11.8
22 12.8
23 15.6
24 10.3
25 11.8
26 11.1
27 10.3
28 14
29 11.7
30 16.5
31 17
32 17.4
33 14.8
34 15.4
35 16.4
36 15.5
37 15.7
38 10.8
39 10.8
40 11
41 14
42 18
43 11.9
44 14.6
45 12.5
46 16.1
47 12.7
48 11.5
49 16.7
50 11.1
51 15.8
52 12.8
53 10.7
54 10.8
55 9.8
56 16.6
57 16
58 10.6
59 11.6
60 9.7
61 16.4
62 18.1
63 10.6
64 15.1
65 13.5
66 15.9
67 15.5
68 16.3
69 10.1
70 9.8
71 12.6
72 9.6
73 15.3
74 13.8
75 16.8
76 14.3
77 15.1
78 11.6
79 16.3
80 11.9
81 17.7
82 10.5
83 10.2
84 15
85 11
86 16.2
87 11.8
88 11.2
89 12.1
90 18.2
91 18.5
92 18.5
93 11.3
94 15.3
95 10.2
96 15.1
97 16.9
98 14
99 15
100 18.1
101 12.9
102 13.3
103 12
104 17.7
105 17.9
106 17.1
107 10.2
108 14.3
109 10.1
110 13.7
111 11.4
112 13
113 9.8
114 11.6
115 10.9
116 9.9
117 17.5
118 14.3
119 10.4
120 18.3
121 9.7
122 14.8
123 15.1
124 14.6
125 10.1
126 11.9
127 13.9
128 14.3
129 16
130 18
131 17.5
132 13.3
133 10.6
134 16.1
135 16.1
136 13.8
137 12.8
138 18.1
139 13
140 16
141 11.6
142 17.1
143 14.1
144 11.7
145 11.5
146 13.6
147 11.2
148 17.1
149 16.7
150 18
151 12.8
152 16.4
153 18.1
154 17.8
155 13.3
156 17.6
157 17.7
158 11.6
159 10.6
160 18.5
161 11.2
162 17.8
163 16.4
164 12.3
165 17.2
166 12.6
167 13.9
168 13.2
169 9.6
170 15.9
171 18.5
172 11.7
173 15.3
174 16.3
175 13.4
176 13.9
177 13.9
178 15.6
179 13.9
180 10.6
181 13.7
182 12.8
183 16.8
184 11.6
185 10.2
186 17.1
187 15.5
188 10.8
189 11.7
190 18.1
191 16.5
192 15.6
193 11.8
194 12.7
195 14.3
196 16.6
197 10.3
198 15.7
199 12.4
200 12.6
201 17.6
202 9.7
203 11.2
204 11.8
205 16.8
206 15.1
207 16.3
208 16.5
209 17.4
210 16.8
211 12.3
212 10.1
213 13.2
214 11.4
215 11.5
216 9.9
217 13.7
218 11.9
219 15.2
220 13.7
221 15.1
222 16.9
223 11.4
224 11.6
225 18.2
