1 10.8
2 13.8
3 18.5
4 12.8
5 10.8
6 9.6
7 18
8 9.9
9 16.7
10 11.7
11 17.9
12 11.9
13 17.1
14 11.8
15 16.4
16 13.1
17 16.2
18 18
19 17
20 10.8
21 17.7
22 13.1
23 17.2
24 10.6
25 10.5
26 14.9
27 9.6
28 14.5
29 11.7
30 11.5
31 12.4
32 12.3
33 11.3
34 17.3
35 10.3
36 11.4
37 10.9
38 12.7
39 17.2
40 13.8
41 18
42 13.6
43 13.1
44 14.5
45 16.9
46 16.1
47 10.5
48 10.4
49 13.1
50 15.5
51 14.5
52 11.6
53 17
54 10.4
55 12.1
56 10.4
57 12
58 17.3
59 18.1
60 14.8
61 15.2
62 14.9
63 14.9
64 12.8
65 13.4
66 18.5
67 11.7
68 10.9
69 10.4
70 10.6
71 16.2
72 11.7
73 12.7
74 10.3
75 17
76 11.4
77 18.3
78 18
79 13.8
80 18.7
81 15.6
82 16.4
83 13.2
84 11.2
85 13.1
86 10.6
87 9.8
88 13.2
89 15.6
90 15.8
91 13.4
92 11.7
93 13.1
94 10.4
95 15.9
96 10.8
97 16.2
98 10.7
99 14.9
100 16.3
101 13
102 10.3
103 11.9
104 12.8
105 18.1
106 13.5
107 13
108 16.4
109 15.8
110 15.7
111 14
112 10.9
113 14
114 14.2
115 14.5
116 14.4
117 18.7
118 11.7
119 16.3
120 10.4
121 11.3
122 12.9
123 15
124 10
125 18
126 14.2
127 12.4
128 15.7
129 9.8
130 14.7
131 12.3
132 14
133 13.5
134 10
135 10.1
136 17.4
137 15.3
138 16.5
139 11.5
140 16.1
141 13.1
142 16.1
143 17.3
144 14.8
145 16.2
146 11.4
147 10.7
148 16.9
149 10.3
150 11.7
151 10.1
152 11.2
153 16.4
154 11.2
155 15.2
156 14.6
157 15.5
158 15.3
159 10.2
160 18.6
161 11.5
162 14.9
163 14.4
164 18.1
165 15.4
166 16.6
167 16.9
168 16.7
169 12.3
170 13
171 13.9
172 15.4
173 14
174 17.3
175 11.3
176 12.3
177 12.6
178 10.6
179 12.3
180 14.6
181 9.8
182 17.7
183 15.5
184 15.9
185 11.9
186 13.2
187 15.6
188 12.1
189 18.3
190 11.7
191 15.5
192 10.7
193 11.3
194 13.7
195 13.6
196 15.1
197 13.3
198 10.1
199 11
200 11.1
201 17.5
202 14.5
203 12.5
204 10
205 13
206 17.4
207 11.1
208 12.8
209 11.2
210 14.3
211 11.7
212 12.2
213 11.7
214 18.6
215 11.2
216 15.8
217 15.2
218 12.5
219 17.4
220 16.4
221 12
222 10.4
223 15.9
224 10.6
225 17.6
