1 16.2
2 18.3
3 16.5
4 17.2
5 12.5
6 10.9
7 14.7
8 14.6
9 10.1
10 14.5
11 16.5
12 9.6
13 16.4
14 14.6
15 15.9
16 14.3
17 14.1
18 16
19 13
20 13
21 14.2
22 10.7
23 18.1
24 13.7
25 11.7
26 12.8
27 12.9
28 10.7
29 15.2
30 12.3
31 13.6
32 13
33 16.3
34 14.9
35 17.9
36 11.6
37 15
38 18.5
39 9.6
40 12.8
41 11.7
42 11.7
43 10.2
44 9.6
45 9.7
46 9.8
47 14.8
48 10.3
49 11.6
50 12.2
51 12.3
52 15
53 17.9
54 16.1
55 16.4
56 12.2
57 18.3
58 14.1
59 18
60 14
61 13.2
62 12.6
63 11.7
64 12.3
65 18.5
66 16.5
67 15.9
68 18.4
69 10
70 14.9
71 13.3
72 14.4
73 14.7
74 16
75 11.7
76 15.8
77 13.9
78 10.7
79 16.6
80 18.2
81 12
82 11.2
83 14.6
84 10.2
85 17
86 10.4
87 13.9
88 15.3
89 13.4
90 15.9
91 14.5
92 18
93 11.4
94 14.4
95 16.8
96 11.3
97 15.2
98 18.7
99 14.3
100 17.5
101 12.4
102 18.5
103 15.8
104 12.8
105 11.3
106 14.3
107 15.6
108 17.1
109 16.8
110 17.9
111 11.2
112 13.4
113 16.7
114 17.8
115 14.5
116 14.9
117 17.4
118 12
119 9.7
120 16.4
121 16.6
122 14.1
123 15.3
124 11.6
125 15.9
126 17.9
127 9.9
128 12.3
129 16.8
130 17.3
131 16.7
132 15.8
133 10
134 11.4
135 16.2
136 10.5
137 12.2
138 11.4
139 16.4
140 11.5
141 15.3
142 13.3
143 16.1
144 16.4
145 18
146 9.6
147 15.7
148 17.8
149 15.9
150 12.2
151 12.2
152 18.2
153 11
154 13.5
155 14.9
156 11
157 14.4
158 14.3
159 17.3
160 18.1
161 15.8
162 17.1
163 17.7
164 11.5
165 17.9
166 12.1
167 13.7
168 10.1
169 9.6
170 12
171 17.9
172 15.3
173 15.3
174 15.4
175 12.2
176 11.8
177 17.3
178 18.7
179 12.8
180 17.1
181 9.6
182 11.2
183 11.3
184 14
185 16.3
186 9.7
187 17
188 14.1
189 12.9
190 13.1
191 10.9
192 12.9
193 13.6
194 13.9
195 11.9
196 11.6
197 14.7
198 11.8
199 16.5
200 14.2
201 14.1
202 11.8
203 14.7
204 17.4
205 13.8
206 15.4
207 16.8
208 11.2
209 16.1
210 13.5
211 9.6
212 10.7
213 13.5
214 18.4
215 15.4
216 15.6
217 15.7
218 16.7
219 16.2
220 10
221 17.4
222 14.5
223 17.2
224 17.4
225 11.5
