1 15.3
2 10.9
3 9.8
4 10.3
5 9.6
6 12.7
7 15.8
8 14.2
9 15.8
10 15.6
11 17.8
12 15
13 13.4
14 15.5
15 14.7
16 18.6
17 12.9
18 15.9
19 10.3
20 16.5
21 13
22 9.7
23 12.7
24 14.4
25 15.1
26 18.1
27 18.1
28 17.7
29 12.8
30 13.5
31 14.7
32 10
33 10.5
34 16.9
35 16.5
36 15.6
37 17.6
38 17.2
39 17.4
40 10.1
41 17
42 17.9
43 11.4
44 14.7
45 18.6
46 15.4
47 14.6
48 11
49 14
50 14.7
51 17.2
52 13.2
53 16.2
54 11.3
55 10.4
56 14.2
57 10.4
58 12
59 15.3
60 17
61 15.7
62 12.2
63 14.5
64 12.8
65 13.2
66 11.9
67 13.2
68 16.8
69 13
70 16
71 10.9
72 14.4
73 13.6
74 18.2
75 13
76 10.8
77 18.4
78 15.4
79 16.5
80 18.1
81 18.7
82 13.9
83 16
84 18.3
85 14.5
86 11.9
87 13.1
88 10
89 10.8
90 11
91 17.7
92 11.7
93 16.1
94 11.3
95 15.9
96 13.4
97 15.7
98 9.8
99 12.7
100 11.8
101 11
102 18.5
103 13.6
104 11.4
105 16
106 12.4
107 17.3
108 10.4
109 9.7
110 15.8
111 10.3
112 15.1
113 10.2
114 18.4
115 10.4
116 11.7
117 13.7
118 11.9
119 11.1
120 13.4
121 17.8
122 10.7
123 11
124 18.1
125 11.1
126 10.8
127 17.9
128 14.3
129 10.3
130 15.3
131 9.6
132 16.8
133 17.5
134 16
135 15.6
136 12.9
137 16.5
138 14.4
139 18.7
140 11.7
141 16.7
142 16.9
143 13.4
144 13.8
145 17.4
146 14.8
147 13.1
148 9.7
149 10.8
150 11.5
151 12.4
152 18
153 14.6
154 16.1
155 16.9
156 16
157 15.7
158 11.2
159 10.5
160 18.2
161 16.7
162 15.2
163 16.7
164 11.7
165 11.2
166 17.8
167 16.1
168 12.1
169 16.7
170 10.7
171 11.9
172 12.6
173 18.1
174 9.9
175 15.9
176 16.6
177 14.2
178 17
179 9.6
180 10.1
181 11.7
182 11
183 16.3
184 17.2
185 11.7
186 13.7
187 11.9
188 12.5
189 17.7
190 12.8
191 11.3
192 18.4
193 18.1
194 14.2
195 10.5
196 12.7
197 16.3
198 15.1
199 14.1
200 11.9
201 17.9
202 15.4
203 9.6
204 11.1
205 10.7
206 13.2
207 16.9
208 17.1
209 11.3
210 11.8
211 12.9
212 11.1
213 13.3
214 10.7
215 12.8
216 13.5
217 10.5
218 17.6
219 18
220 14.8
221 13.8
222 15.7
223 10
224 17.6
225 15.8
