1 12
2 10.6
3 9.7
4 15.7
5 14.7
6 13.9
7 13.5
8 10.5
9 13.4
10 15.8
11 15.7
12 10
13 17.5
14 16.3
15 14.6
16 14.9
17 18.6
18 13.8
19 13
20 13.1
21 10
22 10.8
23 10.9
24 18.3
25 17.6
26 11.9
27 11
28 9.9
29 14.7
30 15.7
31 15.8
32 12.6
33 12.3
34 17.7
35 10
36 13.8
37 14.3
38 15.4
39 17.3
40 11.2
41 12.4
42 16.2
43 14.1
44 16.7
45 10
46 10.3
47 18.6
48 17.5
49 12.1
50 10.6
51 18
52 12
53 17.6
54 12.2
55 16.1
56 11.3
57 13.5
58 18.1
59 11.3
60 16.7
61 17.2
62 12.7
63 12.2
64 16.6
65 12.1
66 10.3
67 10.7
68 13.2
69 12.3
70 14.8
71 11.4
72 15.6
73 11.5
74 18.3
75 18.6
76 16.6
77 16.3
78 10.5
79 15.4
80 16.9
81 17.8
82 18.6
83 9.8
84 16.2
85 11.3
86 12.2
87 18.6
88 14.4
89 17.6
90 10.8
91 17.8
92 16.2
93 16.6
94 12
95 12.8
96 10
97 18.6
98 12.5
99 11.9
100 12.9
101 11.3
102 13.5
103 9.9
104 18.3
105 17.9
106 9.9
107 11.2
108 17.7
109 11.7
110 18.3
111 9.7
112 16.7
113 15.5
114 16.5
115 16
116 15.9
117 11.7
118 12.2
119 14.2
120 13.1
121 9.8
122 14.2
123 12.6
124 16.6
125 15.5
126 15
127 13.5
128 14.7
129 11.5
130 12.1
131 14.1
132 12.3
133 13.9
134 12.9
135 17.5
136 14
137 11.4
138 15.2
139 10.5
140 10.3
141 16.9
142 17
143 15.6
144 11.4
145 12.2
146 10.3
147 9.6
148 10.1
149 12.5
150 13.6
151 16.9
152 11.2
153 15.4
154 16.1
155 14.2
156 17.1
157 16.4
158 14.2
159 9.9
160 16.3
161 16.2
162 15.2
163 17.4
164 10.4
165 13.5
166 14.5
167 11.9
168 15.4
169 17.3
170 12.9
171 16.8
172 11.7
173 16.5
174 17.1
175 10.5
176 14
177 15.2
178 15
179 18.2
180 16.4
181 16.1
182 18
183 13.3
184 12.3
185 14.3
186 13.4
187 13.8
188 16.8
189 12.9
190 11
191 16
192 18.5
193 12.5
194 18.5
195 13.1
196 15.4
197 12.6
198 10.5
199 16
200 17.1
201 15.4
202 18.1
203 12
204 11.8
205 12.8
206 10.8
207 17.6
208 9.8
209 13.3
210 18.4
211 14.8
212 15.5
213 16
214 17.5
215 17.3
216 11
217 13.4
218 12
219 11.6
220 14.8
221 16.5
222 15.7
223 18.3
224 15.7
225 16.5
