1 9.8
2 10.6
3 17.5
4 13.9
5 11.6
6 16.6
7 13.7
8 12.8
9 18.5
10 14.8
11 9.8
12 17.5
13 17.9
14 14.3
15 11.7
16 13.7
17 17.4
18 17.8
19 15.7
20 14.7
21 13.6
22 15.6
23 11
24 10.9
25 17.9
26 17.1
27 10.4
28 11.6
29 11.8
30 12.8
31 11.8
32 17.2
33 13.4
34 10.1
35 15.8
36 10.7
37 9.9
38 18.3
39 18.1
40 16.6
41 11
42 16.3
43 14.1
44 15.1
45 12.4
46 14.5
47 14.3
48 14.3
49 17.9
50 18.4
51 16.3
52 14.9
53 16.8
54 12.9
55 16
56 13.8
57 9.8
58 12.4
59 11.7
60 10
61 9.6
62 13.2
63 10.4
64 12.6
65 16.9
66 11.9
67 18.4
68 14.8
69 16.1
70 17
71 15.6
72 15.8
73 10.6
74 16.8
75 14.6
76 17.1
77 14
78 14
79 12.1
80 13.1
81 16.9
82 16.9
83 16.3
84 9.9
85 10.4
86 14.1
87 11.6
88 11
89 11.8
90 15.8
91 18
92 14.1
93 10.7
94 15.3
95 15.3
96 9.8
97 17.3
98 16.4
99 15.5
100 10.6
101 13.4
102 17.5
103 10.1
104 17.4
105 14.3
106 16.5
107 10.4
108 17.1
109 14.9
110 17.7
111 18.1
112 17.3
113 11.1
114 13.7
115 14.8
116 11.5
117 14
118 15
119 10.4
120 9.7
121 11.8
122 9.6
123 10.1
124 17.4
125 16.4
126 14.9
127 11.9
128 16
129 11.5
130 14.6
131 15.3
132 18.6
133 12.3
134 15.5
135 14.2
136 10.4
137 9.8
138 15.8
139 9.9
140 17.6
141 16.6
142 12.1
143 17.6
144 15.8
145 15.7
146 18
147 11.1
148 13
149 10.7
150 11.3
151 16.3
152 17
153 15.7
154 12.2
155 14.5
156 13.4
157 10
158 16.8
159 12.9
160 10.8
161 14.4
162 16
163 17
164 14.3
165 14.1
166 15.8
167 13.6
168 10.9
169 12.1
170 14.9
171 12.2
172 12
173 11.5
174 11.3
175 14.3
176 15.6
177 18.5
178 12
179 13.4
180 17.1
181 11.2
182 17
183 14.6
184 12.6
185 11.2
186 14.7
187 12.1
188 13.7
189 11.1
190 16.7
191 13.1
192 10.6
193 13.9
194 11.7
195 10.5
196 18.4
197 11.3
198 14.3
199 11.9
200 17.1
201 18.2
202 14.1
203 16.4
204 12
205 10
206 10.9
207 12.1
208 14.9
209 16.2
210 14.1
211 11.7
212 17.3
213 16.8
214 18.6
215 18.3
216 12.8
217 13.5
218 17.5
219 11.3
220 11.8
221 11.9
222 10.3
223 16.1
224 13.4
225 15.9
