1 12.4
2 12.1
3 14.1
4 15.6
5 10.7
6 14.7
7 16.3
8 18
9 15.9
10 10.5
11 15.7
12 16.6
13 13.7
14 10.9
15 17.1
16 15.8
17 17
18 9.7
19 14.8
20 15.2
21 16
22 14.4
23 16.5
24 10.7
25 12.1
26 16.2
27 14.8
28 15.6
29 9.7
30 17.1
31 16.2
32 11
33 17.6
34 12.9
35 17.1
36 17.4
37 18.3
38 16.5
39 9.7
40 13.5
41 10.7
42 18
43 17.3
44 11.6
45 10.4
46 11.8
47 13.9
48 17.7
49 15.9
50 16.7
51 18.5
52 11.7
53 13.2
54 16.6
55 10
56 11.8
57 9.8
58 11.7
59 17.4
60 13.4
61 17.1
62 9.7
63 11.7
64 13.5
65 16
66 18.1
67 18.6
68 17
69 16.6
70 12.1
71 15.3
72 11.3
73 10.2
74 13.7
75 11.3
76 13.9
77 15
78 18.7
79 13.3
80 14.3
81 15.1
82 16.3
83 10.4
84 18.2
85 10.4
86 12
87 16.9
88 11.2
89 14.6
90 15.4
91 15.8
92 17
93 9.8
94 12.4
95 15.5
96 11.3
97 12.6
98 13
99 16.5
100 11.3
101 15.1
102 18.6
103 17.4
104 12.7
105 10.1
106 10.4
107 13.7
108 11.1
109 18.6
110 12.5
111 17.7
112 16
113 10.2
114 12.1
115 16.1
116 13.1
117 17
118 18.1
119 12.5
120 10.4
121 13.2
122 12.8
123 17.2
124 14
125 15.3
126 15.3
127 12.1
128 15
129 12
130 10.5
131 18.1
132 15.3
133 13.9
134 17.1
135 18.5
136 10.1
137 15.3
138 11.7
139 13.6
140 18.4
141 12.5
142 10.5
143 11.6
144 15.2
145 15.2
146 16.8
147 15.3
148 11.7
149 15
150 15.6
151 17.6
152 10.9
153 10.3
154 16.7
155 10.5
156 10.4
157 15.8
158 17.4
159 13.1
160 16.8
161 10.1
162 14.4
163 12.1
164 16.7
165 13.4
166 15.8
167 12.2
168 14
169 12.4
170 12.2
171 17.9
172 14.5
173 15.1
174 12
175 15.8
176 13.2
177 16.7
178 16.1
179 15
180 10.7
181 13.8
182 13
183 16.5
184 14
185 10.9
186 12.6
187 11.8
188 12.2
189 11.5
190 18
191 12
192 18.2
193 11.7
194 10
195 14.8
196 12.6
197 13.9
198 13.9
199 10.1
200 16.7
201 15.4
202 15.8
203 15.7
204 14.4
205 17.6
206 16.1
207 14.6
208 11.6
209 10.5
210 13.5
211 13.4
212 16.2
213 13.8
214 18.4
215 11.7
216 12.1
217 10.6
218 13.3
219 10
220 16.3
221 11.8
222 16.2
223 11.3
224 11.6
225 12.6
